199;208;0;79;1480;1822880095;0
198;207;0;361;1460;1822880102;0
198;206;0;398;1460;1822880109;0
197;205;0;421;1470;1822880116;0
197;205;0;449;1460;1822880123;0
197;206;0;455;1460;1822880130;0
197;206;0;456;1460;1822880137;0
197;207;0;457;1460;1822880144;0
198;207;0;456;1460;1822880151;0
200;207;0;453;1480;1822880158;0
202;206;0;444;1480;1822880165;0
205;205;0;420;1490;1822880172;0
207;204;0;396;1520;1822880179;0
210;203;0;385;1540;1822880186;0
212;201;0;382;1570;1822880193;0
213;200;0;380;1590;1822880200;0
214;198;0;390;1590;1822880207;0
214;197;0;420;1590;1822880214;0
214;195;0;449;1570;1822880221;0
213;194;0;496;1570;1822880228;0
211;193;0;532;1570;1822880235;0
209;192;0;561;1540;1822880243;0
207;192;0;580;1510;1822880250;0
204;192;0;594;1490;1822880257;0
202;192;0;599;1460;1822880264;0
201;193;0;599;1450;1822880271;0
199;193;0;601;1440;1822880278;0
199;193;0;600;1430;1822880285;0
199;193;0;590;1440;1822880292;0
201;192;0;574;1450;1822880299;0
203;190;0;552;1470;1822880306;0
205;188;0;531;1500;1822880313;0
208;186;0;517;1510;1822880320;0
210;184;0;510;1530;1822880327;0
211;181;0;508;1540;1822880334;0
212;179;0;508;1560;1822880341;0
212;177;0;518;1570;1822880348;0
211;176;0;541;1570;1822880355;0
209;175;0;568;1550;1822880362;0
206;175;0;590;1540;1822880369;0
203;175;0;610;1510;1822880376;0
200;175;0;621;1480;1822880383;0
196;176;0;629;1500;1822880390;0
192;177;0;632;1490;1822880397;0
188;179;0;637;1480;1822880404;0
184;181;0;638;1470;1822880411;0
180;183;0;639;1450;1822880418;0
177;184;0;637;1410;1822880426;0
175;185;0;630;1410;1822880433;0
173;185;0;612;1410;1822880440;0
173;185;0;598;1410;1822880447;0
172;185;0;587;1420;1822880454;0
172;183;0;581;1430;1822880461;0
173;182;0;578;1450;1822880468;0
173;180;0;577;1470;1822880475;0
173;179;0;575;1470;1822880482;0
174;178;0;579;1470;1822880489;0
174;177;0;594;1470;1822880496;0
173;178;0;608;1470;1822880503;0
173;179;0;612;1470;1822880510;0
172;181;0;623;1470;1822880517;0
170;184;0;636;1450;1822880524;0
167;189;0;643;1430;1822880531;0
163;194;0;646;1430;1822880538;0
159;200;0;648;1420;1822880545;0
154;206;0;645;1420;1822880552;0
149;212;0;644;1420;1822880559;0
144;217;0;627;1410;1822880566;0
140;223;0;614;1390;1822880573;0
137;227;0;604;1390;1822880580;0
135;230;0;594;1370;1822880587;0
134;231;0;589;1400;1822880594;0
135;231;0;586;1400;1822880601;0
138;230;0;586;1430;1822880609;0
142;228;0;594;1470;1822880616;0
147;226;0;608;1500;1822880623;0
153;222;0;629;1510;1822880630;0
160;219;0;648;1520;1822880637;0
166;217;0;663;1520;1822880644;0
172;215;0;677;1530;1822880651;0
177;214;0;686;1540;1822880658;0
180;214;0;691;1550;1822880665;0
183;216;0;693;1560;1822880672;0
183;218;0;693;1580;1822880679;0
183;222;0;696;1560;1822880686;0
181;227;0;695;1540;1822880693;0
179;233;0;693;1520;1822880700;0
176;238;0;691;1500;1822880707;0
173;244;0;687;1490;1822880714;0
171;249;0;682;1460;1822880721;0
170;253;0;676;1460;1822880728;0
170;256;0;668;1450;1822880735;0
171;257;0;663;1430;1822880742;0
174;258;0;661;1450;1822880749;0
179;257;0;663;1450;1822880756;0
184;255;0;660;1480;1822880763;0
191;253;0;663;1510;1822880770;0
199;250;0;667;1520;1822880777;0
207;246;0;677;1550;1822880784;0
214;243;0;691;1590;1822880791;0
220;240;0;707;1600;1822880799;0
225;238;0;721;1650;1822880806;0
229;237;0;733;1650;1822880813;0
232;237;0;735;1650;1822880820;0
233;238;0;739;1650;1822880827;0
234;239;0;735;1640;1822880834;0
234;241;0;733;1620;1822880841;0
234;244;0;732;1610;1822880848;0
234;246;0;726;1600;1822880855;0
233;248;0;709;1600;1822880862;0
233;250;0;688;1600;1822880869;0
233;251;0;666;1600;1822880876;0
235;251;0;638;1610;1822880883;0
237;250;0;623;1610;1822880890;0
241;247;0;617;1620;1822880897;0
245;244;0;614;1640;1822880904;0
250;239;0;613;1640;1822880911;0
255;234;0;619;1660;1822880918;0
260;229;0;627;1670;1822880925;0
265;223;0;648;1690;1822880932;0
269;218;0;669;1690;1822880939;0
272;213;0;686;1690;1822880946;0
274;209;0;708;1690;1822880953;0
274;206;0;726;1680;1822880960;0
274;204;0;735;1680;1822880967;0
274;202;0;742;1670;1822880974;0
272;201;0;749;1670;1822880982;0
269;201;0;745;1670;1822880989;0
266;201;0;745;1660;1822880996;0
264;200;0;742;1660;1822881003;0
261;200;0;735;1640;1822881010;0
260;199;0;729;1660;1822881017;0
260;198;0;714;1660;1822881024;0
261;195;0;701;1650;1822881031;0
263;192;0;673;1670;1822881038;0
265;188;0;677;1650;1822881045;0
268;183;0;672;1660;1822881052;0
271;178;0;670;1680;1822881059;0
273;173;0;666;1680;1822881066;0
274;168;0;673;1680;1822881073;0
274;163;0;685;1680;1822881080;0
274;159;0;704;1680;1822881087;0
272;155;0;726;1680;1822881094;0
270;152;0;748;1690;1822881101;0
267;149;0;760;1690;1822881108;0
264;147;0;773;1690;1822881115;0
260;146;0;785;1680;1822881122;0
256;145;0;786;1660;1822881129;0
252;144;0;788;1640;1822881136;0
249;144;0;787;1610;1822881143;0
246;144;0;788;1620;1822881150;0
243;143;0;785;1620;1822881157;0
241;143;0;771;1610;1822881165;0
239;142;0;751;1610;1822881172;0
238;140;0;723;1610;1822881179;0
238;137;0;696;1610;1822881186;0
239;134;0;680;1620;1822881193;0
240;130;0;672;1640;1822881200;0
240;126;0;670;1660;1822881207;0
241;121;0;669;1660;1822881214;0
241;117;0;678;1670;1822881221;0
240;113;0;693;1670;1822881228;0
239;109;0;713;1680;1822881235;0
237;106;0;732;1670;1822881242;0
234;104;0;745;1670;1822881249;0
230;103;0;754;1690;1822881256;0
226;102;0;757;1670;1822881263;0
221;102;0;759;1680;1822881270;0
216;102;0;760;1670;1822881277;0
210;103;0;760;1650;1822881284;0
204;104;0;762;1630;1822881291;0
198;106;0;760;1620;1822881298;0
193;107;0;755;1600;1822881305;0
189;108;0;744;1590;1822881312;0
185;109;0;733;1570;1822881319;0
182;109;0;720;1570;1822881326;0
180;109;0;708;1580;1822881333;0
178;108;0;701;1580;1822881340;0
176;107;0;696;1590;1822881348;0
175;106;0;690;1570;1822881355;0
173;105;0;686;1550;1822881362;0
171;104;0;684;1540;1822881369;0
169;104;0;684;1530;1822881376;0
166;104;0;685;1520;1822881383;0
162;104;0;689;1530;1822881390;0
158;106;0;696;1540;1822881397;0
153;108;0;708;1520;1822881404;0
147;111;0;719;1540;1822881411;0
142;115;0;726;1500;1822881418;0
136;119;0;730;1490;1822881425;0
131;123;0;732;1480;1822881432;0
127;128;0;736;1450;1822881439;0
123;132;0;736;1450;1822881446;0
119;135;0;733;1440;1822881453;0
116;139;0;732;1430;1822881460;0
113;141;0;724;1440;1822881467;0
111;144;0;723;1440;1822881474;0
110;145;0;724;1470;1822881481;0
110;146;0;726;1480;1822881488;0
110;147;0;720;1470;1822881495;0
110;148;0;720;1490;1822881502;0
111;149;0;721;1480;1822881509;0
112;150;0;723;1490;1822881516;0
112;152;0;726;1490;1822881523;0
112;155;0;728;1510;1822881530;0
110;159;0;733;1530;1822881538;0
107;163;0;736;1550;1822881545;0
104;169;0;735;1550;1822881552;0
101;175;0;740;1550;1822881559;0
97;182;0;739;1530;1822881566;0
94;189;0;738;1530;1822881573;0
91;194;0;735;1540;1822881580;0
89;199;0;733;1550;1822881587;0
87;202;0;732;1580;1822881594;0
87;205;0;726;1600;1822881601;0
86;207;0;722;1600;1822881608;0
86;210;0;728;1580;1822881615;0
87;213;0;739;1570;1822881622;0
89;215;0;751;1550;1822881629;0
93;218;0;765;1560;1822881636;0
97;220;0;773;1570;1822881643;0
101;222;0;784;1570;1822881650;0
105;225;0;787;1550;1822881657;0
107;228;0;789;1560;1822881664;0
109;232;0;790;1570;1822881671;0
110;237;0;792;1590;1822881678;0
110;242;0;789;1610;1822881685;0
108;248;0;786;1560;1822881692;0
106;254;0;784;1520;1822881699;0
104;260;0;779;1500;1822881706;0
103;266;0;779;1480;1822881713;0
102;271;0;773;1500;1822881721;0
102;276;0;773;1500;1822881728;0
104;280;0;775;1490;1822881735;0
107;283;0;773;1510;1822881742;0
111;285;0;774;1530;1822881749;0
117;286;0;772;1520;1822881756;0
123;286;0;767;1530;1822881763;0
130;286;0;778;1520;1822881770;0
137;285;0;783;1520;1822881777;0
144;285;0;792;1550;1822881784;0
151;285;0;799;1560;1822881791;0
157;285;0;812;1560;1822881798;0
163;286;0;815;1550;1822881805;0
167;287;0;818;1550;1822881812;0
170;290;0;819;1550;1822881819;0
171;294;0;821;1550;1822881826;0
173;298;0;819;1550;1822881833;0
173;302;0;819;1530;1822881840;0
173;306;0;815;1530;1822881847;0
174;311;0;810;1510;1822881854;0
174;316;0;800;1520;1822881861;0
175;320;0;792;1500;1822881868;0
178;323;0;785;1500;1822881875;0
181;325;0;778;1510;1822881882;0
186;325;0;775;1520;1822881889;0
192;325;0;776;1530;1822881896;0
199;324;0;774;1560;1822881904;0
207;323;0;775;1570;1822881911;0
214;321;0;774;1590;1822881918;0
221;319;0;780;1600;1822881925;0
228;317;0;786;1620;1822881932;0
234;316;0;794;1620;1822881939;0
239;314;0;800;1640;1822881946;0
244;313;0;806;1650;1822881953;0
248;313;0;809;1650;1822881960;0
252;313;0;811;1660;1822881967;0
255;314;0;812;1660;1822881974;0
258;314;0;811;1660;1822881981;0
261;315;0;811;1660;1822881988;0
263;316;0;806;1660;1822881995;0
265;316;0;800;1660;1822882002;0
267;316;0;799;1660;1822882009;0
270;316;0;796;1660;1822882016;0
274;316;0;797;1660;1822882023;0
278;315;0;797;1660;1822882030;0
282;314;0;796;1660;1822882037;0
286;312;0;794;1660;1822882044;0
291;310;0;793;1660;1822882051;0
295;307;0;794;1670;1822882058;0
300;304;0;796;1690;1822882065;0
304;301;0;793;1700;1822882072;0
308;298;0;792;1690;1822882079;0
311;294;0;792;1690;1822882086;0
314;290;0;793;1670;1822882094;0
315;286;0;792;1650;1822882101;0
317;282;0;792;1660;1822882108;0
318;279;0;792;1670;1822882115;0
319;275;0;794;1670;1822882122;0
320;272;0;800;1660;1822882129;0
321;269;0;798;1660;1822882136;0
322;266;0;801;1660;1822882143;0
323;264;0;800;1660;1822882150;0
324;261;0;801;1640;1822882157;0
325;258;0;801;1640;1822882164;0
327;256;0;803;1640;1822882171;0
329;253;0;801;1640;1822882178;0
332;249;0;799;1660;1822882185;0
336;245;0;796;1660;1822882192;0
339;241;0;795;1660;1822882199;0
342;236;0;793;1680;1822882206;0
344;232;0;792;1690;1822882213;0
346;227;0;792;1700;1822882220;0
346;223;0;792;1700;1822882227;0
346;219;0;792;1700;1822882234;0
345;216;0;792;1700;1822882241;0
342;212;0;792;1700;1822882248;0
339;208;0;792;1680;1822882255;0
336;205;0;792;1670;1822882262;0
332;202;0;785;1670;1822882269;0
329;199;0;794;1670;1822882277;0
326;196;0;794;1670;1822882284;0
323;193;0;794;1670;1822882291;0
321;190;0;774;1670;1822882298;0
319;186;0;808;1670;1822882305;0
318;183;0;809;1670;1822882312;0
317;178;0;808;1680;1822882319;0
317;174;0;807;1680;1822882326;0
317;169;0;808;1680;1822882333;0
318;163;0;809;1690;1822882340;0
319;158;0;806;1690;1822882347;0
320;152;0;807;1690;1822882354;0
320;147;0;809;1700;1822882361;0
321;142;0;807;1690;1822882368;0
321;137;0;807;1690;1822882375;0
319;133;0;806;1680;1822882382;0
317;129;0;808;1690;1822882389;0
315;126;0;806;1690;1822882396;0
311;123;0;807;1690;1822882403;0
307;121;0;806;1690;1822882410;0
302;118;0;805;1690;1822882417;0
297;116;0;806;1690;1822882424;0
293;113;0;805;1690;1822882431;0
289;111;0;806;1680;1822882438;0
285;108;0;805;1670;1822882445;0
282;105;0;803;1670;1822882452;0
280;102;0;803;1670;1822882460;0
278;98;0;802;1670;1822882467;0
277;94;0;804;1670;1822882474;0
276;91;0;806;1660;1822882481;0
275;87;0;803;1670;1822882488;0
273;83;0;805;1670;1822882495;0
271;80;0;809;1660;1822882502;0
269;77;0;811;1670;1822882509;0
266;74;0;812;1670;1822882516;0
262;72;0;810;1670;1822882523;0
258;70;0;809;1670;1822882530;0
253;68;0;808;1680;1822882537;0
247;67;0;807;1680;1822882544;0
242;67;0;808;1680;1822882551;0
237;66;0;806;1680;1822882558;0
231;66;0;805;1680;1822882565;0
226;65;0;805;1680;1822882572;0
221;64;0;803;1690;1822882579;0
217;63;0;803;1680;1822882586;0
212;62;0;803;1680;1822882593;0
209;60;0;803;1680;1822882600;0
205;59;0;803;1660;1822882607;0
202;57;0;803;1670;1822882614;0
199;55;0;804;1670;1822882621;0
196;54;0;805;1670;1822882628;0
192;53;0;803;1670;1822882635;0
188;52;0;801;1660;1822882642;0
182;52;0;800;1640;1822882650;0
176;53;0;801;1630;1822882657;0
169;54;0;799;1600;1822882664;0
162;56;0;794;1610;1822882671;0
155;58;0;792;1610;1822882678;0
148;61;0;792;1610;1822882685;0
141;64;0;785;1630;1822882692;0
135;66;0;793;1610;1822882699;0
129;69;0;792;1610;1822882706;0
124;71;0;794;1590;1822882713;0
119;73;0;794;1580;1822882720;0
115;74;0;794;1620;1822882727;0
111;74;0;796;1650;1822882734;0
108;74;0;797;1710;1822882741;0
106;73;0;800;1750;1822882748;0
105;72;0;800;1750;1822882755;0
103;72;0;802;1750;1822882762;0
102;72;0;806;1730;1822882769;0
99;73;0;806;1730;1822882776;0
97;75;0;804;1720;1822882783;0
94;77;0;808;1720;1822882790;0
91;80;0;806;1710;1822882797;0
89;84;0;809;1660;1822882804;0
85;88;0;808;1620;1822882811;0
81;93;0;811;1610;1822882818;0
75;99;0;815;1580;1822882825;0
69;107;0;810;1560;1822882833;0
63;114;0;805;1520;1822882840;0
57;122;0;805;1480;1822882847;0
52;129;0;806;1460;1822882854;0
49;135;0;801;1450;1822882861;0
46;140;0;802;1480;1822882868;0
45;143;0;800;1530;1822882875;0
44;146;0;800;1570;1822882882;0
44;148;0;803;1620;1822882889;0
44;149;0;808;1630;1822882896;0
44;150;0;818;1640;1822882903;0
45;151;0;825;1640;1822882910;0
45;153;0;828;1660;1822882917;0
45;154;0;833;1650;1822882924;0
45;157;0;833;1660;1822882931;0
45;161;0;834;1640;1822882938;0
44;165;0;837;1610;1822882945;0
42;171;0;833;1570;1822882952;0
40;178;0;830;1530;1822882959;0
38;185;0;820;1500;1822882966;0
36;192;0;811;1490;1822882973;0
35;199;0;800;1500;1822882980;0
34;206;0;788;1520;1822882987;0
34;211;0;786;1540;1822882994;0
34;216;0;785;1540;1822883001;0
35;221;0;788;1530;1822883008;0
36;224;0;797;1540;1822883016;0
38;228;0;807;1540;1822883023;0
40;231;0;817;1570;1822883030;0
41;234;0;825;1580;1822883037;0
43;237;0;830;1580;1822883044;0
45;240;0;833;1580;1822883051;0
47;243;0;834;1580;1822883058;0
48;247;0;836;1570;1822883065;0
49;252;0;836;1570;1822883072;0
49;258;0;839;1550;1822883079;0
49;264;0;838;1550;1822883086;0
48;271;0;836;1530;1822883093;0
47;279;0;830;1510;1822883100;0
46;286;0;827;1510;1822883107;0
46;292;0;818;1500;1822883114;0
46;298;0;817;1510;1822883121;0
48;304;0;816;1540;1822883128;0
50;308;0;811;1560;1822883135;0
53;311;0;818;1560;1822883142;0
56;314;0;821;1560;1822883149;0
61;317;0;825;1540;1822883156;0
66;319;0;830;1550;1822883163;0
71;321;0;836;1550;1822883170;0
76;323;0;835;1560;1822883177;0
81;326;0;836;1560;1822883184;0
86;330;0;838;1520;1822883191;0
90;335;0;837;1490;1822883198;0
93;340;0;837;1490;1822883206;0
95;346;0;838;1510;1822883213;0
97;351;0;840;1520;1822883220;0
99;356;0;841;1520;1822883227;0
101;361;0;844;1500;1822883234;0
104;365;0;842;1470;1822883241;0
107;369;0;843;1440;1822883248;0
113;373;0;844;1420;1822883255;0
119;375;0;845;1420;1822883262;0
126;376;0;848;1440;1822883269;0
134;377;0;851;1460;1822883276;0
142;377;0;847;1490;1822883283;0
151;376;0;847;1500;1822883290;0
160;374;0;848;1520;1822883297;0
169;373;0;850;1530;1822883304;0
177;371;0;850;1540;1822883311;0
185;370;0;849;1540;1822883318;0
193;370;0;848;1550;1822883325;0
200;370;0;849;1530;1822883332;0
206;371;0;850;1570;1822883339;0
211;373;0;851;1590;1822883346;0
216;375;0;848;1610;1822883353;0
221;378;0;848;1640;1822883360;0
226;380;0;842;1630;1822883367;0
231;382;0;840;1630;1822883374;0
237;383;0;836;1630;1822883381;0
244;383;0;834;1630;1822883389;0
251;383;0;835;1650;1822883396;0
259;381;0;834;1650;1822883403;0
268;378;0;835;1670;1822883410;0
276;375;0;838;1670;1822883417;0
285;371;0;833;1680;1822883424;0
293;367;0;832;1700;1822883431;0
302;363;0;832;1700;1822883438;0
309;358;0;830;1700;1822883445;0
316;354;0;831;1700;1822883452;0
323;350;0;830;1690;1822883459;0
328;347;0;829;1690;1822883466;0
333;344;0;830;1690;1822883473;0
336;341;0;829;1690;1822883480;0
339;339;0;830;1680;1822883487;0
342;337;0;827;1670;1822883494;0
345;334;0;827;1670;1822883501;0
348;332;0;827;1670;1822883508;0
352;330;0;829;1690;1822883515;0
356;327;0;825;1690;1822883522;0
361;323;0;815;1700;1822883529;0
366;319;0;812;1690;1822883536;0
371;314;0;812;1690;1822883543;0
376;309;0;809;1690;1822883550;0
381;304;0;808;1700;1822883557;0
387;298;0;809;1720;1822883564;0
392;292;0;815;1730;1822883572;0
396;287;0;822;1730;1822883579;0
399;281;0;831;1740;1822883586;0
400;276;0;836;1740;1822883593;0
400;272;0;840;1720;1822883600;0
399;267;0;841;1720;1822883607;0
397;263;0;842;1720;1822883614;0
396;258;0;842;1710;1822883621;0
395;254;0;843;1700;1822883628;0
394;250;0;844;1690;1822883635;0
394;246;0;844;1690;1822883642;0
395;241;0;845;1700;1822883649;0
398;236;0;845;1700;1822883656;0
403;230;0;843;1700;1822883663;0
408;224;0;843;1700;1822883670;0
413;219;0;845;1700;1822883677;0
417;214;0;845;1700;1822883684;0
420;209;0;845;1700;1822883691;0
422;204;0;845;1700;1822883698;0
424;200;0;846;1700;1822883705;0
424;197;0;844;1710;1822883712;0
423;194;0;858;1730;1822883719;0
421;192;0;833;1740;1822883726;0
418;190;0;878;1750;1822883733;0
415;189;0;879;1750;1822883740;0
411;188;0;878;1740;1822883747;0
409;189;0;877;1740;1822883754;0
406;190;0;878;1730;1822883762;0
405;192;0;855;1710;1822883769;0
405;196;0;811;1710;1822883776;0
405;199;0;729;1690;1822883783;0
407;201;0;565;1660;1822883790;0
196;211;0;45;1500;1822892188;1
196;209;0;84;1500;1822892195;1
196;208;0;135;1490;1822892202;1
195;207;0;169;1500;1822892209;1
195;206;0;205;1520;1822892216;1
194;205;0;253;1530;1822892223;1
194;205;0;303;1510;1822892230;1
193;205;0;346;1510;1822892237;1
193;205;0;374;1500;1822892244;1
193;205;0;380;1510;1822892251;1
193;205;0;382;1510;1822892258;1
194;206;0;389;1530;1822892265;1
195;206;0;396;1530;1822892272;1
197;206;0;399;1530;1822892279;1
198;206;0;404;1530;1822892286;1
199;205;0;405;1510;1822892293;1
200;204;0;408;1510;1822892300;1
201;203;0;410;1530;1822892307;1
201;202;0;412;1530;1822892314;1
201;201;0;421;1530;1822892321;1
200;200;0;442;1530;1822892328;1
198;199;0;469;1520;1822892335;1
196;199;0;495;1510;1822892342;1
194;199;0;515;1510;1822892349;1
192;200;0;533;1510;1822892357;1
189;201;0;547;1510;1822892364;1
187;202;0;556;1490;1822892371;1
185;204;0;558;1490;1822892378;1
184;205;0;561;1480;1822892385;1
183;207;0;562;1480;1822892392;1
182;208;0;561;1470;1822892399;1
182;209;0;555;1480;1822892406;1
182;210;0;547;1490;1822892413;1
183;210;0;543;1500;1822892420;1
185;210;0;543;1500;1822892427;1
186;210;0;543;1500;1822892434;1
187;210;0;543;1500;1822892441;1
187;209;0;543;1490;1822892448;1
188;209;0;547;1490;1822892455;1
188;208;0;558;1490;1822892462;1
188;208;0;571;1480;1822892469;1
188;208;0;590;1500;1822892476;1
187;208;0;606;1510;1822892483;1
186;208;0;614;1500;1822892490;1
185;210;0;620;1500;1822892497;1
183;212;0;629;1490;1822892504;1
182;214;0;635;1480;1822892511;1
180;217;0;639;1480;1822892518;1
179;220;0;641;1480;1822892525;1
178;223;0;645;1480;1822892532;1
178;226;0;646;1480;1822892540;1
178;228;0;647;1480;1822892547;1
178;230;0;641;1490;1822892554;1
179;232;0;639;1490;1822892561;1
181;233;0;635;1500;1822892568;1
183;233;0;636;1530;1822892575;1
185;233;0;631;1530;1822892582;1
187;233;0;630;1540;1822892589;1
189;232;0;629;1550;1822892596;1
191;231;0;629;1560;1822892603;1
193;230;0;631;1560;1822892610;1
194;229;0;644;1570;1822892617;1
195;228;0;648;1560;1822892624;1
196;227;0;657;1560;1822892631;1
198;227;0;671;1560;1822892638;1
199;228;0;686;1570;1822892645;1
200;229;0;694;1560;1822892652;1
200;231;0;707;1560;1822892659;1
201;233;0;717;1570;1822892666;1
202;237;0;726;1550;1822892673;1
204;240;0;727;1550;1822892680;1
205;244;0;729;1540;1822892687;1
207;248;0;732;1540;1822892694;1
210;250;0;729;1560;1822892701;1
213;252;0;723;1580;1822892708;1
217;253;0;714;1610;1822892715;1
221;253;0;703;1620;1822892722;1
224;253;0;697;1620;1822892730;1
228;253;0;689;1630;1822892737;1
232;251;0;682;1630;1822892744;1
236;249;0;678;1650;1822892751;1
239;246;0;673;1650;1822892758;1
242;243;0;675;1670;1822892765;1
245;239;0;670;1650;1822892772;1
247;236;0;675;1650;1822892779;1
249;233;0;682;1660;1822892786;1
251;230;0;694;1670;1822892793;1
252;228;0;707;1660;1822892800;1
254;226;0;717;1670;1822892807;1
255;224;0;723;1680;1822892814;1
256;223;0;726;1680;1822892821;1
258;222;0;726;1680;1822892828;1
260;220;0;726;1680;1822892835;1
262;219;0;726;1680;1822892842;1
265;217;0;726;1680;1822892849;1
268;215;0;723;1690;1822892856;1
271;213;0;711;1690;1822892863;1
274;210;0;711;1690;1822892870;1
278;207;0;704;1690;1822892877;1
280;204;0;699;1680;1822892884;1
283;200;0;696;1680;1822892891;1
285;197;0;694;1690;1822892898;1
287;192;0;693;1700;1822892905;1
287;188;0;675;1700;1822892913;1
288;184;0;700;1700;1822892920;1
287;180;0;705;1700;1822892927;1
286;177;0;710;1700;1822892934;1
284;174;0;717;1700;1822892941;1
281;172;0;726;1690;1822892948;1
278;170;0;729;1680;1822892955;1
275;169;0;733;1680;1822892962;1
272;168;0;735;1680;1822892969;1
270;168;0;735;1680;1822892976;1
268;167;0;736;1680;1822892983;1
266;167;0;736;1680;1822892990;1
265;166;0;732;1670;1822892997;1
265;164;0;723;1670;1822893004;1
264;163;0;711;1660;1822893011;1
264;160;0;695;1670;1822893018;1
264;158;0;679;1670;1822893025;1
263;155;0;667;1670;1822893032;1
263;152;0;665;1690;1822893039;1
261;148;0;657;1700;1822893046;1
260;145;0;660;1690;1822893053;1
257;141;0;660;1670;1822893060;1
255;138;0;666;1660;1822893067;1
251;135;0;678;1630;1822893074;1
248;132;0;690;1640;1822893081;1
244;131;0;704;1640;1822893088;1
240;130;0;712;1630;1822893096;1
236;129;0;720;1640;1822893103;1
231;129;0;724;1640;1822893110;1
227;130;0;726;1630;1822893117;1
223;130;0;729;1630;1822893124;1
219;132;0;728;1630;1822893131;1
215;133;0;729;1620;1822893138;1
212;134;0;724;1600;1822893145;1
209;135;0;719;1600;1822893152;1
205;136;0;710;1600;1822893159;1
202;136;0;703;1590;1822893166;1
200;136;0;695;1600;1822893173;1
198;136;0;691;1590;1822893180;1
195;135;0;682;1590;1822893187;1
193;134;0;681;1590;1822893194;1
190;134;0;679;1590;1822893201;1
188;133;0;678;1610;1822893208;1
185;133;0;683;1600;1822893215;1
181;133;0;688;1590;1822893222;1
177;135;0;693;1570;1822893229;1
173;137;0;700;1550;1822893236;1
168;140;0;707;1530;1822893243;1
164;144;0;712;1510;1822893250;1
160;148;0;716;1510;1822893257;1
157;152;0;718;1520;1822893264;1
153;157;0;720;1530;1822893271;1
151;161;0;720;1530;1822893279;1
149;166;0;722;1550;1822893286;1
147;171;0;723;1530;1822893293;1
146;175;0;716;1510;1822893300;1
144;179;0;709;1510;1822893307;1
143;183;0;706;1480;1822893314;1
143;186;0;702;1480;1822893321;1
142;188;0;699;1480;1822893328;1
141;190;0;697;1470;1822893335;1
140;192;0;696;1470;1822893342;1
139;193;0;695;1460;1822893349;1
138;195;0;702;1450;1822893356;1
138;196;0;711;1430;1822893363;1
137;198;0;726;1450;1822893370;1
137;200;0;741;1480;1822893377;1
138;202;0;759;1510;1822893384;1
139;205;0;760;1550;1822893391;1
140;208;0;768;1550;1822893398;1
141;212;0;767;1550;1822893405;1
143;217;0;767;1550;1822893412;1
144;222;0;769;1570;1822893419;1
146;227;0;763;1560;1822893426;1
147;232;0;757;1540;1822893433;1
148;237;0;748;1530;1822893440;1
149;242;0;739;1500;1822893447;1
149;246;0;732;1490;1822893454;1
150;249;0;729;1500;1822893461;1
151;252;0;726;1490;1822893469;1
152;254;0;726;1520;1822893476;1
153;256;0;726;1520;1822893483;1
155;258;0;723;1520;1822893490;1
157;259;0;727;1520;1822893497;1
159;261;0;736;1500;1822893504;1
162;262;0;748;1500;1822893511;1
165;263;0;757;1500;1822893518;1
169;265;0;767;1520;1822893525;1
173;267;0;774;1520;1822893532;1
178;268;0;779;1530;1822893539;1
183;270;0;782;1570;1822893546;1
188;273;0;788;1570;1822893553;1
193;275;0;784;1570;1822893560;1
199;277;0;784;1580;1822893567;1
204;280;0;783;1580;1822893574;1
209;282;0;780;1570;1822893581;1
213;284;0;776;1590;1822893588;1
217;285;0;772;1600;1822893595;1
221;287;0;770;1600;1822893602;1
225;287;0;767;1600;1822893609;1
229;287;0;770;1600;1822893616;1
234;287;0;765;1600;1822893623;1
238;286;0;767;1620;1822893630;1
243;284;0;767;1620;1822893637;1
249;282;0;770;1620;1822893644;1
255;280;0;765;1640;1822893652;1
261;277;0;767;1650;1822893659;1
267;274;0;768;1660;1822893666;1
273;271;0;769;1670;1822893673;1
280;268;0;770;1670;1822893680;1
286;265;0;773;1670;1822893687;1
293;262;0;774;1690;1822893694;1
299;260;0;776;1690;1822893701;1
305;258;0;779;1670;1822893708;1
311;256;0;776;1670;1822893715;1
315;255;0;776;1660;1822893722;1
319;254;0;773;1670;1822893729;1
322;253;0;764;1670;1822893736;1
323;252;0;754;1670;1822893743;1
325;250;0;741;1670;1822893750;1
326;248;0;723;1670;1822893757;1
327;245;0;711;1670;1822893764;1
328;242;0;702;1680;1822893771;1
329;238;0;701;1690;1822893778;1
330;233;0;703;1690;1822893785;1
332;228;0;697;1690;1822893792;1
335;223;0;698;1690;1822893799;1
338;217;0;699;1690;1822893806;1
340;211;0;705;1690;1822893813;1
343;205;0;712;1690;1822893820;1
346;199;0;721;1700;1822893827;1
348;193;0;734;1700;1822893835;1
350;188;0;718;1710;1822893842;1
351;183;0;760;1710;1822893849;1
352;178;0;768;1710;1822893856;1
351;175;0;779;1720;1822893863;1
350;172;0;777;1720;1822893870;1
348;169;0;779;1720;1822893877;1
346;167;0;782;1710;1822893884;1
343;165;0;779;1700;1822893891;1
341;163;0;774;1700;1822893898;1
338;161;0;768;1700;1822893905;1
336;158;0;757;1700;1822893912;1
334;155;0;745;1700;1822893919;1
332;152;0;735;1710;1822893926;1
330;149;0;726;1710;1822893933;1
328;144;0;719;1690;1822893940;1
326;140;0;716;1690;1822893947;1
324;134;0;714;1690;1822893954;1
322;129;0;717;1670;1822893961;1
321;124;0;718;1690;1822893968;1
319;118;0;729;1700;1822893975;1
316;113;0;742;1700;1822893982;1
313;109;0;752;1700;1822893989;1
310;105;0;761;1700;1822893996;1
305;102;0;767;1710;1822894003;1
300;100;0;773;1690;1822894010;1
294;98;0;769;1690;1822894017;1
287;96;0;767;1700;1822894025;1
281;95;0;767;1690;1822894032;1
275;95;0;767;1680;1822894039;1
268;94;0;764;1670;1822894046;1
262;94;0;754;1640;1822894053;1
256;93;0;745;1650;1822894060;1
250;92;0;730;1650;1822894067;1
244;91;0;720;1640;1822894074;1
239;90;0;711;1660;1822894081;1
234;88;0;711;1650;1822894088;1
230;85;0;711;1650;1822894095;1
225;82;0;710;1650;1822894102;1
221;80;0;709;1650;1822894109;1
217;77;0;713;1650;1822894116;1
213;74;0;719;1640;1822894123;1
208;72;0;729;1640;1822894130;1
202;71;0;734;1620;1822894137;1
197;70;0;740;1590;1822894144;1
191;71;0;739;1570;1822894151;1
185;72;0;739;1530;1822894158;1
179;74;0;739;1510;1822894165;1
174;77;0;739;1480;1822894172;1
168;80;0;739;1500;1822894179;1
162;83;0;738;1530;1822894186;1
156;87;0;739;1570;1822894193;1
151;91;0;736;1620;1822894200;1
145;95;0;735;1620;1822894208;1
140;98;0;738;1590;1822894215;1
136;101;0;730;1540;1822894222;1
132;104;0;729;1530;1822894229;1
128;106;0;732;1520;1822894236;1
125;109;0;732;1520;1822894243;1
122;111;0;730;1530;1822894250;1
119;113;0;729;1530;1822894257;1
115;116;0;730;1520;1822894264;1
111;119;0;732;1520;1822894271;1
105;123;0;732;1520;1822894278;1
100;127;0;740;1510;1822894285;1
94;132;0;739;1500;1822894292;1
90;137;0;740;1480;1822894299;1
86;142;0;744;1480;1822894306;1
82;145;0;745;1470;1822894313;1
79;149;0;746;1490;1822894320;1
74;154;0;748;1500;1822894327;1
70;159;0;748;1490;1822894334;1
66;165;0;747;1490;1822894341;1
62;171;0;749;1470;1822894348;1
60;177;0;749;1440;1822894355;1
57;183;0;751;1410;1822894362;1
56;189;0;748;1420;1822894369;1
54;194;0;746;1450;1822894376;1
54;199;0;746;1510;1822894383;1
53;204;0;739;1550;1822894391;1
52;208;0;735;1570;1822894398;1
52;212;0;738;1570;1822894405;1
51;216;0;739;1550;1822894412;1
50;221;0;735;1550;1822894419;1
50;225;0;734;1540;1822894426;1
49;230;0;739;1530;1822894433;1
48;235;0;741;1530;1822894440;1
46;241;0;745;1520;1822894447;1
45;246;0;744;1500;1822894454;1
44;252;0;746;1480;1822894461;1
44;258;0;745;1470;1822894468;1
44;264;0;744;1470;1822894475;1
44;270;0;745;1480;1822894482;1
45;276;0;749;1480;1822894489;1
46;282;0;746;1480;1822894496;1
47;288;0;746;1480;1822894503;1
50;293;0;747;1500;1822894510;1
52;298;0;751;1530;1822894517;1
56;302;0;753;1540;1822894524;1
60;306;0;756;1540;1822894531;1
64;309;0;759;1530;1822894538;1
68;313;0;763;1530;1822894545;1
73;316;0;768;1550;1822894552;1
77;319;0;773;1550;1822894559;1
83;326;0;773;1570;1822894566;1
88;332;0;773;1530;1822894573;1
92;339;0;774;1520;1822894581;1
95;346;0;775;1530;1822894588;1
97;350;0;776;1530;1822894595;1
100;354;0;778;1540;1822894602;1
102;358;0;778;1510;1822894609;1
105;361;0;778;1500;1822894616;1
109;364;0;782;1480;1822894623;1
114;366;0;783;1480;1822894630;1
119;368;0;783;1500;1822894637;1
124;370;0;788;1490;1822894644;1
130;371;0;790;1500;1822894651;1
137;371;0;792;1520;1822894658;1
144;372;0;793;1530;1822894665;1
152;372;0;794;1540;1822894672;1
160;372;0;794;1540;1822894679;1
167;373;0;799;1550;1822894686;1
174;373;0;795;1550;1822894693;1
180;374;0;796;1550;1822894700;1
185;374;0;795;1570;1822894707;1
191;375;0;795;1570;1822894714;1
196;377;0;795;1560;1822894721;1
201;378;0;794;1540;1822894728;1
206;379;0;796;1530;1822894735;1
211;380;0;797;1560;1822894742;1
216;381;0;796;1600;1822894749;1
222;381;0;797;1620;1822894756;1
227;381;0;798;1660;1822894764;1
234;381;0;798;1660;1822894771;1
240;380;0;800;1670;1822894778;1
247;379;0;799;1670;1822894785;1
254;377;0;799;1680;1822894792;1
261;374;0;803;1690;1822894799;1
268;371;0;799;1700;1822894806;1
275;367;0;800;1710;1822894813;1
282;364;0;799;1710;1822894820;1
289;360;0;800;1720;1822894827;1
295;357;0;799;1720;1822894834;1
301;354;0;803;1730;1822894841;1
306;351;0;800;1710;1822894848;1
311;349;0;803;1700;1822894855;1
315;347;0;804;1700;1822894862;1
319;345;0;806;1690;1822894869;1
322;343;0;806;1690;1822894876;1
325;342;0;807;1690;1822894883;1
328;340;0;806;1690;1822894890;1
331;338;0;806;1680;1822894897;1
335;336;0;807;1680;1822894904;1
338;333;0;805;1690;1822894911;1
342;330;0;802;1700;1822894918;1
347;327;0;799;1720;1822894925;1
352;322;0;800;1720;1822894932;1
356;317;0;800;1720;1822894939;1
361;312;0;796;1700;1822894947;1
366;307;0;800;1700;1822894954;1
370;301;0;795;1690;1822894961;1
374;295;0;797;1700;1822894968;1
377;289;0;797;1710;1822894975;1
380;283;0;800;1710;1822894982;1
383;277;0;803;1720;1822894989;1
384;272;0;806;1730;1822894996;1
384;268;0;809;1730;1822895003;1
384;264;0;814;1730;1822895010;1
384;261;0;817;1710;1822895017;1
383;259;0;818;1710;1822895024;1
381;257;0;817;1710;1822895031;1
380;255;0;816;1700;1822895038;1
378;253;0;818;1690;1822895045;1
377;251;0;816;1700;1822895052;1
376;249;0;811;1690;1822895059;1
375;246;0;808;1700;1822895066;1
375;243;0;803;1700;1822895073;1
375;239;0;800;1710;1822895080;1
376;235;0;796;1710;1822895087;1
377;230;0;797;1720;1822895094;1
379;225;0;795;1720;1822895101;1
380;220;0;796;1720;1822895108;1
382;214;0;800;1720;1822895115;1
383;209;0;805;1730;1822895122;1
384;205;0;812;1730;1822895129;1
384;201;0;820;1730;1822895137;1
384;198;0;830;1730;1822895144;1
383;195;0;837;1740;1822895151;1
382;193;0;815;1740;1822895158;1
381;191;0;858;1740;1822895165;1
380;190;0;860;1740;1822895172;1
378;189;0;860;1740;1822895179;1
377;189;0;860;1740;1822895186;1
375;189;0;860;1750;1822895193;1
374;189;0;858;1750;1822895200;1
373;189;0;854;1750;1822895207;1
373;189;0;851;1750;1822895214;1
373;189;0;848;1740;1822895221;1
373;188;0;845;1740;1822895228;1
374;186;0;843;1740;1822895235;1
376;185;0;838;1740;1822895242;1
378;183;0;837;1740;1822895249;1
380;181;0;837;1760;1822895256;1
382;179;0;837;1760;1822895263;1
383;178;0;838;1760;1822895270;1
384;177;0;839;1760;1822895277;1
384;176;0;839;1760;1822895284;1
384;176;0;842;1760;1822895291;1
384;176;0;842;1760;1822895298;1
384;177;0;840;1760;1822895305;1
383;178;0;842;1760;1822895312;1
382;179;0;839;1760;1822895320;1
381;181;0;841;1760;1822895327;1
380;182;0;840;1760;1822895334;1
379;184;0;839;1750;1822895341;1
379;185;0;839;1750;1822895348;1
379;186;0;834;1750;1822895355;1
379;187;0;828;1750;1822895362;1
380;188;0;823;1750;1822895369;1
381;188;0;818;1750;1822895376;1
382;188;0;818;1740;1822895383;1
383;187;0;818;1740;1822895390;1
385;185;0;819;1740;1822895397;1
386;184;0;820;1740;1822895404;1
388;183;0;821;1740;1822895411;1
388;182;0;825;1740;1822895418;1
389;181;0;827;1740;1822895425;1
389;180;0;830;1740;1822895432;1
390;180;0;832;1740;1822895439;1
390;180;0;832;1740;1822895446;1
390;180;0;830;1740;1822895453;1
390;181;0;830;1740;1822895460;1
389;181;0;828;1740;1822895467;1
389;182;0;828;1740;1822895474;1
389;183;0;825;1740;1822895481;1
388;184;0;818;1740;1822895488;1
388;185;0;807;1740;1822895495;1
387;185;0;797;1740;1822895503;1
387;185;0;785;1750;1822895510;1
387;186;0;774;1750;1822895517;1
387;186;0;765;1750;1822895524;1
387;186;0;759;1750;1822895531;1
387;186;0;745;1750;1822895538;1
387;186;0;724;1750;1822895545;1
387;186;0;681;1750;1822895552;1
387;187;0;631;1750;1822895559;1
386;188;0;571;1740;1822895566;1
384;190;0;500;1730;1822895573;1
381;191;0;330;1730;1822895580;1
262;233;830;0;1750;1822856260;2
259;234;758;0;1500;1822856267;2
258;235;758;0;1430;1822856274;2
258;235;758;0;1430;1822856281;2
259;236;758;0;1320;1822856288;2
259;236;758;0;1330;1822856295;2
259;236;758;0;1380;1822856302;2
259;237;746;0;1350;1822856309;2
259;237;746;0;1350;1822856316;2
259;237;734;0;1430;1822856323;2
259;237;722;0;1380;1822856330;2
259;237;722;0;1370;1822856337;2
258;237;710;0;1440;1822856344;2
257;238;686;0;1520;1822856351;2
257;238;677;0;1630;1822856358;2
256;239;653;0;1710;1822856365;2
255;239;629;0;1750;1822856372;2
253;240;605;0;1750;1822856380;2
251;241;581;0;1750;1822856387;2
249;242;569;0;1740;1822856394;2
248;242;557;0;1730;1822856401;2
246;243;545;0;1720;1822856408;2
245;244;545;0;1720;1822856415;2
243;244;533;0;1720;1822856422;2
242;245;533;0;1720;1822856429;2
241;245;533;0;1720;1822856436;2
241;245;533;0;1720;1822856443;2
240;245;521;0;1720;1822856450;2
240;244;533;0;1730;1822856457;2
241;244;521;0;1730;1822856464;2
241;243;521;0;1740;1822856471;2
243;242;509;0;1740;1822856478;2
244;241;497;0;1740;1822856485;2
244;240;497;0;1740;1822856492;2
245;240;485;0;1740;1822856499;2
245;240;473;0;1730;1822856506;2
245;240;473;0;1720;1822856513;2
243;240;473;0;1720;1822856520;2
242;240;461;0;1720;1822856527;2
241;241;461;0;1710;1822856534;2
239;242;449;0;1710;1822856541;2
237;242;437;0;1710;1822856548;2
236;243;437;0;1710;1822856555;2
233;244;425;0;1710;1822856562;2
232;244;413;0;1710;1822856570;2
231;244;413;0;1700;1822856577;2
231;244;413;0;1700;1822856584;2
231;244;413;0;1700;1822856591;2
231;244;413;0;1700;1822856598;2
231;243;413;0;1700;1822856605;2
231;243;413;0;1710;1822856612;2
232;242;401;0;1710;1822856619;2
233;242;389;0;1710;1822856626;2
234;242;377;0;1710;1822856633;2
234;242;365;0;1710;1822856640;2
235;242;353;0;1710;1822856647;2
236;241;332;0;1710;1822856654;2
237;241;308;0;1710;1822856661;2
237;241;272;0;1710;1822856668;2
237;242;260;0;1710;1822856675;2
236;242;248;0;1710;1822856682;2
235;243;236;0;1700;1822856689;2
234;243;236;0;1700;1822856696;2
233;243;224;0;1700;1822856703;2
231;244;224;0;1700;1822856710;2
230;244;236;0;1710;1822856717;2
230;243;236;0;1710;1822856724;2
229;243;248;0;1700;1822856731;2
229;243;260;0;1710;1822856738;2
229;242;272;0;1710;1822856745;2
229;241;296;0;1720;1822856753;2
229;241;308;0;1720;1822856760;2
229;240;308;0;1710;1822856767;2
230;240;308;0;1710;1822856774;2
230;239;308;0;1700;1822856781;2
231;239;296;0;1710;1822856788;2
231;239;296;0;1690;1822856795;2
232;238;296;0;1680;1822856802;2
233;238;296;0;1660;1822856809;2
234;238;296;0;1640;1822856816;2
234;238;308;0;1640;1822856823;2
235;238;320;0;1630;1822856830;2
236;238;332;0;1660;1822856837;2
236;238;341;0;1660;1822856844;2
237;238;341;0;1660;1822856851;2
238;238;341;0;1670;1822856858;2
239;238;341;0;1650;1822856865;2
240;238;341;0;1660;1822856872;2
241;238;353;0;1670;1822856879;2
242;238;353;0;1680;1822856886;2
243;238;353;0;1680;1822856893;2
243;238;353;0;1700;1822856900;2
244;238;353;0;1710;1822856907;2
244;238;341;0;1720;1822856914;2
244;238;341;0;1720;1822856921;2
244;239;332;0;1720;1822856928;2
243;239;320;0;1720;1822856936;2
243;239;308;0;1720;1822856943;2
243;239;296;0;1720;1822856950;2
243;239;284;0;1700;1822856957;2
243;239;284;0;1690;1822856964;2
243;238;284;0;1670;1822856971;2
243;238;296;0;1670;1822856978;2
243;238;296;0;1680;1822856985;2
243;237;296;0;1680;1822856992;2
243;237;296;0;1670;1822856999;2
243;237;296;0;1670;1822857006;2
244;237;308;0;1660;1822857013;2
244;237;308;0;1660;1822857020;2
244;237;320;0;1660;1822857027;2
244;237;320;0;1670;1822857034;2
244;237;308;0;1670;1822857041;2
243;237;296;0;1670;1822857048;2
243;237;296;0;1680;1822857055;2
242;238;284;0;1690;1822857062;2
242;238;284;0;1700;1822857069;2
241;238;296;0;1690;1822857076;2
241;238;296;0;1700;1822857083;2
240;239;296;0;1700;1822857090;2
240;239;296;0;1710;1822857097;2
240;238;284;0;1720;1822857104;2
240;238;284;0;1700;1822857111;2
240;237;296;0;1700;1822857118;2
241;236;296;0;1690;1822857126;2
241;235;308;0;1700;1822857133;2
242;235;308;0;1700;1822857140;2
242;234;320;0;1700;1822857147;2
243;233;332;0;1700;1822857154;2
244;232;332;0;1700;1822857161;2
244;232;353;0;1690;1822857168;2
245;232;353;0;1710;1822857175;2
245;232;365;0;1710;1822857182;2
246;231;365;0;1700;1822857189;2
246;231;377;0;1700;1822857196;2
247;231;389;0;1700;1822857203;2
247;231;401;0;1690;1822857210;2
248;231;413;0;1700;1822857217;2
248;231;413;0;1700;1822857224;2
249;231;413;0;1700;1822857231;2
250;231;413;0;1730;1822857238;2
251;232;413;0;1690;1822857245;2
252;232;413;0;1700;1822857252;2
253;232;401;0;1650;1822857259;2
254;232;401;0;1650;1822857266;2
254;233;389;0;1690;1822857273;2
254;234;377;0;1670;1822857280;2
254;235;377;0;1710;1822857287;2
252;236;353;0;1710;1822857294;2
251;237;353;0;1710;1822857301;2
249;238;341;0;1720;1822857309;2
246;240;320;0;1710;1822857316;2
242;241;308;0;1710;1822857323;2
242;242;284;0;1700;1822857330;2
241;244;284;0;1700;1822857337;2
239;245;272;0;1690;1822857344;2
238;246;260;0;1690;1822857351;2
237;247;272;0;1690;1822857358;2
237;247;272;0;1690;1822857365;2
237;248;284;0;1690;1822857372;2
237;248;284;0;1690;1822857379;2
238;247;296;0;1690;1822857386;2
239;247;308;0;1690;1822857393;2
240;246;308;0;1700;1822857400;2
242;246;308;0;1700;1822857407;2
242;245;296;0;1710;1822857414;2
243;245;284;0;1710;1822857421;2
244;245;272;0;1710;1822857428;2
246;245;248;0;1720;1822857435;2
246;245;224;0;1720;1822857442;2
246;245;200;0;1710;1822857449;2
245;246;176;0;1700;1822857456;2
244;247;152;0;1700;1822857463;2
243;248;128;0;1690;1822857470;2
241;249;116;0;1680;1822857477;2
239;249;104;0;1680;1822857484;2
238;250;104;0;1660;1822857492;2
236;251;104;0;1660;1822857499;2
236;252;104;0;1660;1822857506;2
235;253;116;0;1660;1822857513;2
235;253;116;0;1660;1822857520;2
235;253;140;0;1660;1822857527;2
236;252;164;0;1660;1822857534;2
236;252;188;0;1660;1822857541;2
237;251;224;0;1660;1822857548;2
239;249;248;0;1670;1822857555;2
240;249;260;0;1670;1822857562;2
241;248;272;0;1690;1822857569;2
243;247;284;0;1700;1822857576;2
243;246;284;0;1700;1822857583;2
244;245;284;0;1700;1822857590;2
245;245;284;0;1700;1822857597;2
245;245;260;0;1700;1822857604;2
245;245;224;0;1700;1822857611;2
244;246;200;0;1690;1822857618;2
243;247;164;0;1690;1822857625;2
241;248;140;0;1690;1822857632;2
240;249;128;0;1680;1822857639;2
239;249;116;0;1680;1822857646;2
238;249;116;0;1680;1822857653;2
237;249;116;0;1670;1822857660;2
236;249;116;0;1660;1822857667;2
236;249;128;0;1660;1822857674;2
236;249;140;0;1670;1822857682;2
236;248;164;0;1660;1822857689;2
236;248;188;0;1670;1822857696;2
237;247;212;0;1680;1822857703;2
237;245;236;0;1690;1822857710;2
239;243;260;0;1690;1822857717;2
240;242;272;0;1700;1822857724;2
240;242;296;0;1710;1822857731;2
241;241;296;0;1710;1822857738;2
241;241;284;0;1710;1822857745;2
242;240;284;0;1710;1822857752;2
242;240;284;0;1710;1822857759;2
242;240;260;0;1700;1822857766;2
242;241;248;0;1700;1822857773;2
242;241;224;0;1700;1822857780;2
241;241;200;0;1700;1822857787;2
240;242;200;0;1700;1822857794;2
240;242;188;0;1700;1822857801;2
239;242;176;0;1700;1822857808;2
238;242;164;0;1690;1822857815;2
238;242;164;0;1700;1822857822;2
238;242;164;0;1700;1822857829;2
238;242;164;0;1700;1822857836;2
238;241;164;0;1700;1822857843;2
238;241;176;0;1700;1822857850;2
238;241;188;0;1700;1822857857;2
238;241;200;0;1700;1822857865;2
237;241;212;0;1690;1822857872;2
237;241;224;0;1690;1822857879;2
237;241;248;0;1700;1822857886;2
237;240;248;0;1700;1822857893;2
237;240;260;0;1680;1822857900;2
237;239;260;0;1680;1822857907;2
238;238;248;0;1660;1822857914;2
238;238;260;0;1640;1822857921;2
239;237;272;0;1640;1822857928;2
239;237;272;0;1640;1822857935;2
239;236;272;0;1630;1822857942;2
239;236;260;0;1630;1822857949;2
239;236;260;0;1630;1822857956;2
239;237;248;0;1660;1822857963;2
238;238;236;0;1680;1822857970;2
238;238;224;0;1700;1822857977;2
237;239;212;0;1700;1822857984;2
237;240;200;0;1700;1822857991;2
236;240;188;0;1700;1822857998;2
236;241;188;0;1700;1822858005;2
235;241;176;0;1690;1822858012;2
234;241;188;0;1690;1822858019;2
234;242;188;0;1690;1822858026;2
234;242;200;0;1690;1822858033;2
233;242;212;0;1680;1822858040;2
233;243;224;0;1680;1822858048;2
233;243;248;0;1680;1822858055;2
233;242;284;0;1680;1822858062;2
232;242;332;0;1680;1822858069;2
232;240;365;0;1690;1822858076;2
232;238;389;0;1670;1822858083;2
232;237;413;0;1640;1822858090;2
233;236;437;0;1630;1822858097;2
234;233;473;0;1600;1822858104;2
234;232;497;0;1620;1822858111;2
235;231;521;0;1640;1822858118;2
236;230;533;0;1640;1822858125;2
237;230;545;0;1660;1822858132;2
238;228;569;0;1660;1822858139;2
239;227;569;0;1670;1822858146;2
240;226;581;0;1660;1822858153;2
240;225;581;0;1660;1822858160;2
240;225;581;0;1640;1822858167;2
240;225;581;0;1630;1822858174;2
239;225;569;0;1610;1822858181;2
238;225;581;0;1590;1822858188;2
236;225;581;0;1560;1822858195;2
234;225;593;0;1540;1822858202;2
233;225;605;0;1520;1822858209;2
232;226;617;0;1500;1822858216;2
231;226;641;0;1510;1822858223;2
230;226;653;0;1520;1822858230;2
229;225;665;0;1540;1822858238;2
230;223;686;0;1580;1822858245;2
230;221;710;0;1620;1822858252;2
231;217;722;0;1650;1822858259;2
232;213;746;0;1660;1822858266;2
233;207;758;0;1680;1822858273;2
236;207;782;0;1690;1822858280;2
237;207;782;0;1710;1822858287;2
241;202;770;0;1650;1822858294;2
242;201;758;0;1610;1822858301;2
245;200;722;0;1590;1822858308;2
247;199;698;0;1560;1822858315;2
248;197;686;0;1690;1822858322;2
250;194;677;0;1740;1822858329;2
250;194;698;0;1720;1822858336;2
250;193;710;0;1700;1822858343;2
250;192;734;0;1690;1822858350;2
249;192;746;0;1690;1822858357;2
248;193;758;0;1690;1822858364;2
247;193;770;0;1680;1822858371;2
246;194;782;0;1670;1822858378;2
245;194;794;0;1660;1822858385;2
244;195;806;0;1660;1822858392;2
243;195;818;0;1660;1822858399;2
242;195;830;0;1670;1822858406;2
242;195;842;0;1680;1822858413;2
242;195;830;0;1690;1822858421;2
242;195;818;0;1580;1822858428;2
243;195;794;0;1610;1822858435;2
244;194;770;0;1620;1822858442;2
246;194;746;0;1530;1822858449;2
248;193;722;0;1560;1822858456;2
249;192;698;0;1380;1822858463;2
251;191;698;0;1220;1822858470;2
253;191;698;0;1330;1822858477;2
253;190;722;0;1490;1822858484;2
252;190;734;0;1610;1822858491;2
252;190;758;0;1730;1822858498;2
252;191;782;0;1730;1822858505;2
251;191;794;0;1710;1822858512;2
251;192;818;0;1710;1822858519;2
251;193;842;0;1720;1822858526;2
251;193;842;0;1720;1822858554;2
224;268;842;0;1340;1822859526;2
225;267;782;0;1360;1822859533;2
226;265;794;0;1410;1822859540;2
227;262;794;0;1450;1822859547;2
228;260;794;0;1500;1822859554;2
229;258;794;0;1570;1822859561;2
232;256;794;0;1610;1822859568;2
232;257;782;0;1660;1822859575;2
233;256;770;0;1690;1822859582;2
234;256;746;0;1700;1822859589;2
234;256;710;0;1700;1822859596;2
234;256;686;0;1690;1822859603;2
236;254;665;0;1690;1822859610;2
237;253;641;0;1690;1822859617;2
237;252;629;0;1690;1822859624;2
238;252;605;0;1680;1822859631;2
237;253;593;0;1660;1822859638;2
236;253;581;0;1660;1822859645;2
236;253;569;0;1640;1822859652;2
235;253;557;0;1640;1822859660;2
234;254;545;0;1630;1822859667;2
234;254;545;0;1610;1822859674;2
233;254;533;0;1620;1822859681;2
233;254;545;0;1640;1822859688;2
233;254;545;0;1640;1822859695;2
233;254;545;0;1660;1822859702;2
234;254;557;0;1670;1822859709;2
234;254;581;0;1660;1822859716;2
234;253;593;0;1670;1822859723;2
234;253;593;0;1660;1822859730;2
234;252;593;0;1650;1822859737;2
234;252;581;0;1650;1822859744;2
234;252;569;0;1640;1822859751;2
234;252;557;0;1630;1822859758;2
233;252;557;0;1620;1822859765;2
233;252;557;0;1620;1822859772;2
232;252;557;0;1630;1822859779;2
232;252;569;0;1640;1822859786;2
232;251;569;0;1660;1822859793;2
232;251;581;0;1670;1822859800;2
233;250;581;0;1690;1822859807;2
233;249;593;0;1710;1822859814;2
234;249;605;0;1690;1822859821;2
234;248;617;0;1700;1822859828;2
235;247;629;0;1680;1822859835;2
235;246;641;0;1620;1822859842;2
236;245;665;0;1620;1822859850;2
235;244;677;0;1520;1822859857;2
235;243;686;0;1420;1822859864;2
234;242;698;0;1370;1822859871;2
234;241;710;0;1340;1822859878;2
232;240;722;0;1310;1822859885;2
232;240;734;0;1300;1822859892;2
230;239;746;0;1310;1822859899;2
229;239;746;0;1280;1822859906;2
228;238;758;0;1310;1822859913;2
227;237;758;0;1280;1822859920;2
228;237;770;0;1300;1822859927;2
228;236;770;0;1350;1822859934;2
228;235;770;0;1400;1822859941;2
228;234;770;0;1500;1822859948;2
229;233;758;0;1520;1822859955;2
230;232;758;0;1540;1822859962;2
230;231;758;0;1560;1822859969;2
231;231;746;0;1550;1822859976;2
231;230;734;0;1550;1822859983;2
232;230;722;0;1520;1822859990;2
232;229;722;0;1490;1822859997;2
231;229;722;0;1450;1822860004;2
231;229;722;0;1390;1822860011;2
230;230;722;0;1340;1822860018;2
229;230;710;0;1280;1822860025;2
227;231;710;0;1210;1822860033;2
225;232;722;0;1180;1822860040;2
224;233;722;0;1180;1822860047;2
222;234;734;0;1170;1822860054;2
221;235;734;0;1180;1822860061;2
220;235;746;0;1190;1822860068;2
220;236;746;0;1190;1822860075;2
219;236;746;0;1200;1822860082;2
219;236;746;0;1250;1822860089;2
219;236;734;0;1300;1822860096;2
220;236;734;0;1350;1822860103;2
221;235;734;0;1360;1822860110;2
221;235;734;0;1400;1822860117;2
222;234;734;0;1410;1822860124;2
223;233;722;0;1420;1822860131;2
223;232;710;0;1430;1822860138;2
224;231;698;0;1430;1822860145;2
224;230;686;0;1420;1822860152;2
225;229;677;0;1400;1822860159;2
224;229;677;0;1370;1822860166;2
224;229;665;0;1350;1822860173;2
223;230;665;0;1310;1822860180;2
223;230;665;0;1310;1822860187;2
222;231;665;0;1280;1822860194;2
222;232;665;0;1280;1822860201;2
221;232;665;0;1300;1822860208;2
221;232;665;0;1310;1822860216;2
221;233;677;0;1350;1822860223;2
221;233;665;0;1400;1822860230;2
222;232;665;0;1440;1822860237;2
223;232;665;0;1510;1822860244;2
224;231;653;0;1560;1822860251;2
226;230;641;0;1580;1822860258;2
227;230;629;0;1610;1822860265;2
229;229;605;0;1620;1822860272;2
231;228;581;0;1630;1822860279;2
232;228;569;0;1640;1822860286;2
233;227;545;0;1630;1822860293;2
233;227;533;0;1620;1822860300;2
234;228;509;0;1610;1822860307;2
233;228;497;0;1580;1822860314;2
233;229;497;0;1570;1822860321;2
232;229;485;0;1530;1822860328;2
231;230;485;0;1510;1822860335;2
231;230;485;0;1500;1822860342;2
230;230;497;0;1510;1822860349;2
230;230;509;0;1520;1822860356;2
229;230;509;0;1540;1822860363;2
229;230;521;0;1550;1822860370;2
229;230;521;0;1550;1822860377;2
229;230;533;0;1520;1822860384;2
229;230;533;0;1550;1822860391;2
230;229;533;0;1530;1822860398;2
230;229;533;0;1520;1822860406;2
230;229;521;0;1520;1822860413;2
231;229;509;0;1520;1822860420;2
231;229;509;0;1510;1822860427;2
231;230;497;0;1530;1822860434;2
231;230;485;0;1520;1822860441;2
231;230;473;0;1540;1822860448;2
231;230;461;0;1540;1822860455;2
231;230;449;0;1540;1822860462;2
231;230;437;0;1540;1822860469;2
231;230;425;0;1540;1822860476;2
231;230;413;0;1540;1822860483;2
231;229;413;0;1570;1822860490;2
232;229;413;0;1580;1822860497;2
232;228;413;0;1590;1822860504;2
233;228;401;0;1610;1822860511;2
233;228;389;0;1610;1822860518;2
234;227;377;0;1610;1822860525;2
234;227;353;0;1610;1822860532;2
235;228;332;0;1600;1822860539;2
235;228;308;0;1590;1822860546;2
235;229;284;0;1590;1822860553;2
235;230;260;0;1580;1822860560;2
235;232;236;0;1580;1822860567;2
235;233;212;0;1560;1822860574;2
235;233;188;0;1550;1822860581;2
234;234;176;0;1550;1822860589;2
234;234;176;0;1570;1822860596;2
235;234;176;0;1580;1822860603;2
235;233;188;0;1580;1822860610;2
236;232;212;0;1580;1822860617;2
236;232;236;0;1600;1822860624;2
237;231;248;0;1600;1822860631;2
237;231;260;0;1600;1822860638;2
237;231;272;0;1580;1822860645;2
237;231;260;0;1580;1822860652;2
236;231;260;0;1560;1822860659;2
236;231;260;0;1580;1822860666;2
235;231;248;0;1570;1822860673;2
235;232;236;0;1550;1822860680;2
234;233;224;0;1550;1822860687;2
233;233;200;0;1540;1822860694;2
232;234;176;0;1540;1822860701;2
232;234;152;0;1540;1822860708;2
231;234;140;0;1560;1822860715;2
231;234;128;0;1560;1822860722;2
232;233;116;0;1560;1822860729;2
232;232;104;0;1570;1822860736;2
233;230;80;0;1570;1822860743;2
234;229;68;0;1570;1822860750;2
235;228;68;0;1570;1822860757;2
236;227;80;0;1570;1822860764;2
237;227;80;0;1570;1822860772;2
237;226;80;0;1600;1822860779;2
237;226;68;0;1600;1822860786;2
237;226;56;0;1580;1822860793;2
237;226;32;0;1580;1822860800;2
236;227;20;0;1580;1822860807;2
236;227;0;0;1570;1822860814;2
235;227;0;0;1570;1822860821;2
235;227;0;0;1570;1822860828;2
235;227;0;0;1570;1822860835;2
235;227;0;0;1590;1822860842;2
235;227;0;0;1600;1822860849;2
236;227;0;0;1600;1822860856;2
236;226;0;0;1600;1822860863;2
236;225;0;0;1600;1822860870;2
237;224;0;0;1610;1822860877;2
237;224;0;0;1590;1822860884;2
237;222;0;116;1590;1822860934;2
236;221;0;185;1600;1822860941;2
236;221;0;264;1590;1822860948;2
235;220;0;326;1610;1822860955;2
234;219;0;363;1590;1822860962;2
233;219;0;376;1590;1822860969;2
232;219;0;379;1570;1822860976;2
230;219;0;381;1570;1822860983;2
228;220;0;380;1550;1822860990;2
227;220;0;366;1550;1822860997;2
226;221;0;338;1550;1822861004;2
225;221;0;312;1570;1822861011;2
224;221;0;302;1550;1822861018;2
224;221;0;304;1550;1822861025;2
223;221;0;305;1550;1822861032;2
222;220;0;311;1550;1822861039;2
221;220;0;332;1570;1822861046;2
220;221;0;363;1570;1822861053;2
219;221;0;387;1570;1822861060;2
217;222;0;411;1570;1822861067;2
215;224;0;430;1570;1822861074;2
213;225;0;440;1560;1822861081;2
211;227;0;443;1530;1822861088;2
208;229;0;446;1510;1822861095;2
206;231;0;446;1470;1822861102;2
204;233;0;447;1470;1822861110;2
202;235;0;446;1470;1822861117;2
201;237;0;447;1460;1822861124;2
201;239;0;448;1460;1822861131;2
200;240;0;448;1460;1822861138;2
200;242;0;449;1460;1822861145;2
201;243;0;459;1470;1822861152;2
201;245;0;473;1490;1822861159;2
202;246;0;493;1490;1822861166;2
203;248;0;508;1470;1822861173;2
203;249;0;519;1470;1822861180;2
204;251;0;528;1460;1822861187;2
205;252;0;531;1470;1822861194;2
205;254;0;532;1470;1822861201;2
205;256;0;533;1470;1822861208;2
205;258;0;534;1460;1822861215;2
204;261;0;534;1460;1822861222;2
204;263;0;534;1460;1822861229;2
203;266;0;535;1460;1822861236;2
203;268;0;535;1470;1822861243;2
204;270;0;536;1470;1822861250;2
205;272;0;536;1490;1822861257;2
207;274;0;536;1490;1822861264;2
210;275;0;537;1500;1822861271;2
214;276;0;537;1520;1822861278;2
219;276;0;537;1530;1822861285;2
224;276;0;538;1540;1822861293;2
230;275;0;539;1570;1822861300;2
236;275;0;540;1600;1822861307;2
242;274;0;550;1630;1822861314;2
248;273;0;574;1660;1822861321;2
253;272;0;597;1690;1822861328;2
258;272;0;613;1670;1822861335;2
262;272;0;623;1660;1822861342;2
266;272;0;630;1650;1822861349;2
269;272;0;629;1620;1822861356;2
271;273;0;634;1620;1822861363;2
273;274;0;631;1610;1822861370;2
275;274;0;630;1590;1822861377;2
277;274;0;622;1590;1822861384;2
280;274;0;601;1590;1822861391;2
283;273;0;573;1620;1822861398;2
286;271;0;544;1650;1822861405;2
290;268;0;521;1660;1822861412;2
294;264;0;514;1690;1822861419;2
299;260;0;512;1690;1822861426;2
303;256;0;517;1710;1822861433;2
306;253;0;531;1680;1822861440;2
309;249;0;552;1660;1822861447;2
311;247;0;580;1630;1822861454;2
312;245;0;610;1610;1822861461;2
313;243;0;638;1620;1822861468;2
312;242;0;654;1640;1822861476;2
311;241;0;665;1630;1822861483;2
309;241;0;669;1650;1822861490;2
306;241;0;670;1650;1822861497;2
303;241;0;672;1650;1822861504;2
299;242;0;666;1660;1822861511;2
296;242;0;648;1650;1822861518;2
293;242;0;614;1650;1822861525;2
290;242;0;580;1650;1822861532;2
288;240;0;559;1650;1822861539;2
285;239;0;552;1630;1822861546;2
283;236;0;551;1640;1822861553;2
282;234;0;551;1620;1822861560;2
280;231;0;552;1630;1822861567;2
278;228;0;562;1640;1822861574;2
277;225;0;572;1640;1822861581;2
276;222;0;583;1650;1822861588;2
274;219;0;595;1660;1822861595;2
273;217;0;605;1660;1822861602;2
271;214;0;616;1670;1822861609;2
269;212;0;630;1670;1822861616;2
266;211;0;639;1660;1822861623;2
263;210;0;649;1660;1822861630;2
259;210;0;656;1660;1822861637;2
254;210;0;657;1660;1822861644;2
248;210;0;660;1660;1822861651;2
242;211;0;660;1640;1822861658;2
236;213;0;662;1620;1822861666;2
230;214;0;662;1620;1822861673;2
224;215;0;663;1600;1822861680;2
218;217;0;657;1600;1822861687;2
214;218;0;654;1590;1822861694;2
209;218;0;653;1550;1822861701;2
206;219;0;653;1540;1822861708;2
203;219;0;652;1530;1822861715;2
201;219;0;654;1510;1822861722;2
199;219;0;654;1530;1822861729;2
199;219;0;654;1530;1822861736;2
199;219;0;656;1530;1822861743;2
199;219;0;660;1530;1822861750;2
199;220;0;663;1530;1822861757;2
200;222;0;669;1530;1822861764;2
200;224;0;676;1540;1822861771;2
201;226;0;684;1540;1822861778;2
201;229;0;686;1550;1822861785;2
200;233;0;684;1540;1822861792;2
198;237;0;686;1540;1822861799;2
196;242;0;687;1530;1822861806;2
193;247;0;687;1510;1822861813;2
190;252;0;689;1500;1822861820;2
187;257;0;690;1490;1822861827;2
184;261;0;690;1500;1822861834;2
182;265;0;690;1500;1822861841;2
180;269;0;693;1490;1822861849;2
179;272;0;693;1490;1822861856;2
180;274;0;696;1490;1822861863;2
181;276;0;694;1490;1822861870;2
184;278;0;696;1500;1822861877;2
187;279;0;699;1520;1822861884;2
192;279;0;703;1540;1822861891;2
197;279;0;709;1570;1822861898;2
203;279;0;717;1570;1822861905;2
210;279;0;724;1570;1822861912;2
217;280;0;731;1600;1822861919;2
224;280;0;735;1580;1822861926;2
231;281;0;738;1620;1822861933;2
237;282;0;739;1640;1822861940;2
243;283;0;745;1660;1822861947;2
247;285;0;742;1670;1822861954;2
251;287;0;742;1690;1822861961;2
255;289;0;741;1710;1822861968;2
258;291;0;735;1690;1822861975;2
261;292;0;730;1660;1822861982;2
264;293;0;724;1640;1822861989;2
266;293;0;719;1610;1822861996;2
269;293;0;715;1610;1822862003;2
273;291;0;712;1620;1822862010;2
277;288;0;707;1620;1822862017;2
281;284;0;704;1630;1822862024;2
286;279;0;701;1660;1822862032;2
291;273;0;700;1710;1822862039;2
296;266;0;701;1730;1822862046;2
301;259;0;702;1710;1822862053;2
306;252;0;704;1700;1822862060;2
310;246;0;709;1690;1822862067;2
312;240;0;721;1680;1822862074;2
313;235;0;733;1700;1822862081;2
313;232;0;744;1700;1822862088;2
311;229;0;748;1700;1822862095;2
307;227;0;754;1700;1822862102;2
303;226;0;751;1700;1822862109;2
298;225;0;751;1700;1822862116;2
293;225;0;748;1700;1822862123;2
287;225;0;734;1690;1822862130;2
281;224;0;714;1660;1822862137;2
276;224;0;687;1660;1822862144;2
271;222;0;657;1640;1822862151;2
267;220;0;636;1630;1822862158;2
264;218;0;629;1630;1822862165;2
260;215;0;627;1630;1822862172;2
258;211;0;629;1640;1822862179;2
255;208;0;643;1640;1822862186;2
252;204;0;661;1650;1822862193;2
250;201;0;682;1650;1822862200;2
247;198;0;707;1650;1822862207;2
244;196;0;726;1640;1822862214;2
240;194;0;720;1640;1822862222;2
235;194;0;745;1610;1822862229;2
230;194;0;746;1610;1822862236;2
223;195;0;748;1600;1822862243;2
216;197;0;747;1600;1822862250;2
208;199;0;745;1570;1822862257;2
199;203;0;741;1550;1822862264;2
190;207;0;743;1520;1822862271;2
182;210;0;729;1480;1822862278;2
175;214;0;722;1470;1822862285;2
169;218;0;713;1450;1822862292;2
165;221;0;706;1450;1822862299;2
162;223;0;704;1450;1822862306;2
159;225;0;704;1460;1822862313;2
158;227;0;702;1460;1822862320;2
158;228;0;703;1480;1822862327;2
158;230;0;708;1480;1822862334;2
159;231;0;714;1460;1822862341;2
160;233;0;723;1470;1822862348;2
162;236;0;735;1500;1822862355;2
164;239;0;739;1500;1822862362;2
165;242;0;743;1500;1822862369;2
166;246;0;745;1470;1822862376;2
166;251;0;745;1470;1822862383;2
165;256;0;746;1480;1822862390;2
164;262;0;747;1460;1822862397;2
163;269;0;740;1470;1822862405;2
162;275;0;732;1460;1822862412;2
160;282;0;726;1460;1822862419;2
160;288;0;721;1450;1822862426;2
160;293;0;717;1440;1822862433;2
161;298;0;715;1420;1822862440;2
164;302;0;716;1430;1822862447;2
167;305;0;717;1430;1822862454;2
171;307;0;721;1450;1822862461;2
177;308;0;729;1490;1822862468;2
184;309;0;739;1530;1822862475;2
192;309;0;744;1570;1822862482;2
201;309;0;748;1610;1822862489;2
211;308;0;754;1640;1822862496;2
221;307;0;763;1640;1822862503;2
230;306;0;767;1670;1822862510;2
239;306;0;773;1690;1822862517;2
248;306;0;778;1720;1822862524;2
255;306;0;782;1720;1822862531;2
261;307;0;780;1700;1822862538;2
266;308;0;777;1700;1822862545;2
270;309;0;763;1670;1822862552;2
274;310;0;757;1680;1822862559;2
277;310;0;730;1680;1822862566;2
281;309;0;693;1680;1822862573;2
285;308;0;646;1690;1822862580;2
289;305;0;600;1690;1822862588;2
294;300;0;559;1710;1822862595;2
300;294;0;537;1740;1822862602;2
305;287;0;534;1730;1822862609;2
311;279;0;533;1710;1822862616;2
315;270;0;536;1680;1822862623;2
319;260;0;543;1670;1822862630;2
321;251;0;571;1700;1822862637;2
323;242;0;611;1700;1822862644;2
323;233;0;660;1720;1822862651;2
321;226;0;706;1730;1822862658;2
318;220;0;734;1710;1822862665;2
313;215;0;751;1700;1822862672;2
308;212;0;756;1700;1822862679;2
301;209;0;760;1700;1822862686;2
295;208;0;749;1700;1822862693;2
289;206;0;718;1710;1822862700;2
283;205;0;666;1690;1822862707;2
277;204;0;590;1680;1822862714;2
272;203;0;511;1680;1822862721;2
268;200;0;437;1660;1822862728;2
264;197;0;414;1660;1822862735;2
261;193;0;433;1640;1822862742;2
258;189;0;479;1650;1822862749;2
255;185;0;555;1670;1822862756;2
252;180;0;613;1670;1822862763;2
249;176;0;666;1680;1822862770;2
245;173;0;711;1660;1822862778;2
240;170;0;736;1660;1822862785;2
233;169;0;751;1670;1822862792;2
226;169;0;751;1650;1822862799;2
217;170;0;752;1650;1822862806;2
207;171;0;753;1620;1822862813;2
197;174;0;754;1570;1822862820;2
186;178;0;746;1550;1822862827;2
176;182;0;731;1500;1822862834;2
167;186;0;711;1480;1822862841;2
159;191;0;696;1470;1822862848;2
152;195;0;687;1460;1822862855;2
146;198;0;684;1470;1822862862;2
142;201;0;685;1480;1822862869;2
139;203;0;687;1520;1822862876;2
137;205;0;683;1530;1822862883;2
136;207;0;690;1530;1822862890;2
135;209;0;704;1550;1822862897;2
135;212;0;717;1530;1822862904;2
135;215;0;728;1550;1822862911;2
135;218;0;741;1530;1822862918;2
135;222;0;755;1530;1822862925;2
135;226;0;767;1520;1822862932;2
134;232;0;775;1510;1822862939;2
134;238;0;778;1470;1822862946;2
133;245;0;780;1490;1822862953;2
131;252;0;780;1470;1822862961;2
130;260;0;775;1480;1822862968;2
128;267;0;770;1500;1822862975;2
127;274;0;763;1490;1822862982;2
126;281;0;757;1480;1822862989;2
126;287;0;754;1470;1822862996;2
127;292;0;752;1460;1822863003;2
129;297;0;753;1460;1822863010;2
131;300;0;759;1480;1822863017;2
135;303;0;761;1510;1822863024;2
140;306;0;764;1540;1822863031;2
145;308;0;771;1560;1822863038;2
152;310;0;782;1540;1822863045;2
159;312;0;783;1530;1822863052;2
166;314;0;788;1510;1822863059;2
173;315;0;789;1520;1822863066;2
181;317;0;790;1550;1822863073;2
189;319;0;794;1580;1822863080;2
197;321;0;792;1600;1822863087;2
204;322;0;788;1610;1822863094;2
211;324;0;781;1610;1822863101;2
216;326;0;775;1610;1822863108;2
222;328;0;768;1610;1822863115;2
227;329;0;770;1620;1822863122;2
233;329;0;767;1620;1822863129;2
239;329;0;765;1620;1822863136;2
246;328;0;765;1660;1822863144;2
253;326;0;759;1660;1822863151;2
261;323;0;767;1680;1822863158;2
269;319;0;767;1680;1822863165;2
276;315;0;769;1680;1822863172;2
283;310;0;767;1710;1822863179;2
290;305;0;767;1730;1822863186;2
296;299;0;763;1750;1822863193;2
301;292;0;761;1760;1822863200;2
305;285;0;760;1740;1822863207;2
308;279;0;755;1730;1822863214;2
310;272;0;750;1710;1822863221;2
310;267;0;751;1680;1822863228;2
310;262;0;754;1660;1822863235;2
309;257;0;757;1660;1822863242;2
307;252;0;757;1680;1822863249;2
304;248;0;761;1680;1822863256;2
302;243;0;759;1700;1822863263;2
300;238;0;757;1710;1822863270;2
299;233;0;757;1720;1822863277;2
298;228;0;750;1720;1822863284;2
298;222;0;740;1720;1822863291;2
298;217;0;724;1720;1822863298;2
298;211;0;712;1740;1822863305;2
298;205;0;708;1760;1822863312;2
299;199;0;705;1750;1822863319;2
298;193;0;704;1750;1822863327;2
296;187;0;691;1740;1822863334;2
292;181;0;715;1740;1822863341;2
287;177;0;723;1720;1822863348;2
281;173;0;730;1710;1822863355;2
274;170;0;746;1710;1822863362;2
265;168;0;756;1710;1822863369;2
256;166;0;761;1690;1822863376;2
246;166;0;767;1670;1822863383;2
236;166;0;768;1660;1822863390;2
226;167;0;769;1640;1822863397;2
217;168;0;760;1600;1822863404;2
207;169;0;751;1580;1822863411;2
199;171;0;739;1550;1822863418;2
191;172;0;730;1540;1822863425;2
184;173;0;726;1540;1822863432;2
177;174;0;726;1520;1822863439;2
171;176;0;722;1510;1822863446;2
165;178;0;722;1510;1822863453;2
159;181;0;731;1490;1822863460;2
154;184;0;736;1490;1822863467;2
148;187;0;751;1470;1822863474;2
143;192;0;763;1440;1822863481;2
138;197;0;777;1470;1822863488;2
134;202;0;785;1480;1822863495;2
130;208;0;792;1480;1822863502;2
127;215;0;786;1510;1822863509;2
124;222;0;787;1510;1822863517;2
122;229;0;792;1520;1822863524;2
121;236;0;788;1520;1822863531;2
121;244;0;789;1510;1822863538;2
121;250;0;789;1500;1822863545;2
121;257;0;790;1490;1822863552;2
122;264;0;792;1490;1822863559;2
123;270;0;792;1470;1822863566;2
125;276;0;792;1470;1822863573;2
127;282;0;792;1460;1822863580;2
128;288;0;793;1440;1822863587;2
130;294;0;796;1440;1822863594;2
132;300;0;798;1440;1822863601;2
135;306;0;803;1470;1822863608;2
137;313;0;803;1490;1822863615;2
140;319;0;800;1500;1822863622;2
143;325;0;797;1520;1822863629;2
146;330;0;797;1500;1822863636;2
150;335;0;797;1470;1822863643;2
156;339;0;797;1460;1822863650;2
162;343;0;798;1430;1822863657;2
169;345;0;801;1420;1822863664;2
177;348;0;805;1460;1822863671;2
186;349;0;805;1490;1822863678;2
196;349;0;809;1510;1822863685;2
206;350;0;815;1570;1822863692;2
217;350;0;816;1610;1822863700;2
227;350;0;818;1650;1822863707;2
237;349;0;821;1690;1822863714;2
247;348;0;816;1720;1822863721;2
256;346;0;815;1750;1822863728;2
264;344;0;815;1730;1822863735;2
273;342;0;814;1720;1822863742;2
281;339;0;814;1700;1822863749;2
289;335;0;813;1690;1822863756;2
297;331;0;816;1680;1822863763;2
305;327;0;814;1680;1822863770;2
313;322;0;806;1660;1822863777;2
320;316;0;794;1640;1822863784;2
326;309;0;780;1670;1822863791;2
332;302;0;765;1690;1822863798;2
337;293;0;759;1700;1822863805;2
341;284;0;757;1720;1822863812;2
344;275;0;754;1740;1822863819;2
345;265;0;754;1740;1822863826;2
345;256;0;755;1750;1822863833;2
345;247;0;760;1730;1822863840;2
343;239;0;767;1730;1822863847;2
340;231;0;779;1720;1822863854;2
336;223;0;790;1700;1822863861;2
332;216;0;799;1690;1822863868;2
326;210;0;801;1690;1822863875;2
320;205;0;802;1670;1822863883;2
314;200;0;800;1680;1822863890;2
307;196;0;785;1670;1822863897;2
300;192;0;762;1680;1822863904;2
294;187;0;712;1690;1822863911;2
287;183;0;696;1690;1822863918;2
281;178;0;670;1690;1822863925;2
273;173;0;663;1680;1822863932;2
265;169;0;663;1680;1822863939;2
257;165;0;671;1670;1822863946;2
247;162;0;686;1670;1822863953;2
237;159;0;709;1650;1822863960;2
227;158;0;731;1640;1822863967;2
216;157;0;748;1610;1822863974;2
205;157;0;760;1580;1822863981;2
194;159;0;769;1540;1822863988;2
183;162;0;767;1490;1822863995;2
171;166;0;770;1470;1822864002;2
160;171;0;769;1460;1822864009;2
150;177;0;769;1440;1822864016;2
141;183;0;768;1420;1822864023;2
133;190;0;767;1390;1822864030;2
127;196;0;762;1400;1822864037;2
121;202;0;761;1440;1822864044;2
116;207;0;760;1450;1822864051;2
111;213;0;757;1480;1822864058;2
107;219;0;767;1500;1822864065;2
104;225;0;782;1500;1822864073;2
100;232;0;795;1530;1822864080;2
98;239;0;800;1500;1822864087;2
95;246;0;804;1490;1822864094;2
92;253;0;804;1520;1822864101;2
90;259;0;805;1520;1822864108;2
89;265;0;807;1550;1822864115;2
87;271;0;806;1570;1822864122;2
84;279;0;806;1530;1822864129;2
81;288;0;803;1450;1822864136;2
77;299;0;795;1380;1822864143;2
74;310;0;792;1260;1822864150;2
71;320;0;783;1220;1822864157;2
69;330;0;787;1240;1822864164;2
69;339;0;786;1300;1822864171;2
70;347;0;784;1390;1822864178;2
73;354;0;792;1470;1822864185;2
78;360;0;802;1480;1822864192;2
86;367;0;812;1500;1822864199;2
97;373;0;819;1490;1822864206;2
109;378;0;833;1480;1822864213;2
121;382;0;844;1470;1822864220;2
133;384;0;851;1490;1822864227;2
142;387;0;856;1460;1822864234;2
152;389;0;859;1460;1822864241;2
160;391;0;860;1450;1822864248;2
169;393;0;860;1420;1822864256;2
177;394;0;858;1450;1822864263;2
185;395;0;854;1460;1822864270;2
194;396;0;854;1490;1822864277;2
202;396;0;852;1530;1822864284;2
211;396;0;853;1550;1822864291;2
220;396;0;852;1600;1822864298;2
229;395;0;849;1630;1822864305;2
239;392;0;839;1660;1822864312;2
249;389;0;830;1680;1822864319;2
259;385;0;825;1680;1822864326;2
269;379;0;821;1680;1822864333;2
278;373;0;820;1700;1822864340;2
287;366;0;820;1730;1822864347;2
296;359;0;818;1760;1822864354;2
304;350;0;821;1790;1822864361;2
311;342;0;816;1770;1822864368;2
318;332;0;828;1740;1822864375;2
324;323;0;837;1720;1822864382;2
329;313;0;841;1690;1822864389;2
334;304;0;844;1710;1822864396;2
338;295;0;846;1730;1822864403;2
341;286;0;847;1740;1822864410;2
344;277;0;846;1740;1822864417;2
346;268;0;845;1760;1822864424;2
347;260;0;836;1760;1822864431;2
347;252;0;818;1760;1822864439;2
347;244;0;798;1760;1822864446;2
346;237;0;770;1760;1822864453;2
343;229;0;748;1750;1822864460;2
340;221;0;743;1750;1822864467;2
335;214;0;739;1740;1822864474;2
329;207;0;740;1720;1822864481;2
323;200;0;749;1690;1822864488;2
315;194;0;768;1690;1822864495;2
307;189;0;789;1690;1822864502;2
298;183;0;786;1690;1822864509;2
288;179;0;833;1670;1822864516;2
279;175;0;839;1670;1822864523;2
269;173;0;843;1660;1822864530;2
259;170;0;844;1650;1822864537;2
249;169;0;839;1620;1822864544;2
238;168;0;830;1620;1822864551;2
229;167;0;805;1610;1822864558;2
219;167;0;776;1610;1822864565;2
208;167;0;747;1590;1822864572;2
197;167;0;723;1560;1822864579;2
185;168;0;713;1510;1822864586;2
173;170;0;712;1470;1822864593;2
160;172;0;720;1470;1822864600;2
148;175;0;746;1450;1822864607;2
136;178;0;777;1450;1822864614;2
125;182;0;805;1490;1822864621;2
114;187;0;827;1480;1822864629;2
105;193;0;838;1490;1822864636;2
97;198;0;842;1530;1822864643;2
91;204;0;840;1520;1822864650;2
87;209;0;840;1550;1822864657;2
85;213;0;836;1560;1822864664;2
83;218;0;832;1560;1822864671;2
81;223;0;832;1520;1822864678;2
79;230;0;832;1510;1822864685;2
79;238;0;833;1540;1822864692;2
79;245;0;830;1570;1822864699;2
80;253;0;830;1600;1822864706;2
81;261;0;830;1600;1822864713;2
83;268;0;831;1590;1822864720;2
85;277;0;832;1570;1822864727;2
87;285;0;832;1540;1822864734;2
89;294;0;833;1530;1822864741;2
89;304;0;833;1490;1822864748;2
90;314;0;833;1430;1822864755;2
90;324;0;833;1430;1822864762;2
90;335;0;834;1420;1822864769;2
90;347;0;836;1420;1822864776;2
90;360;0;836;1440;1822864783;2
92;374;0;840;1380;1822864790;2
96;386;0;837;1380;1822864797;2
101;396;0;839;1390;1822864804;2
108;403;0;842;1380;1822864812;2
116;408;0;845;1380;1822864819;2
125;411;0;853;1360;1822864826;2
136;414;0;854;1380;1822864833;2
148;415;0;858;1390;1822864840;2
161;415;0;863;1420;1822864847;2
175;415;0;866;1440;1822864854;2
190;414;0;870;1480;1822864861;2
204;413;0;872;1530;1822864868;2
218;411;0;878;1570;1822864875;2
231;409;0;875;1620;1822864882;2
243;407;0;869;1650;1822864889;2
254;406;0;860;1650;1822864896;2
265;404;0;854;1660;1822864903;2
275;403;0;848;1660;1822864910;2
285;401;0;843;1660;1822864917;2
294;398;0;838;1680;1822864924;2
303;395;0;830;1680;1822864931;2
311;391;0;815;1670;1822864938;2
318;386;0;798;1650;1822864945;2
325;381;0;788;1640;1822864952;2
331;374;0;773;1670;1822864959;2
337;366;0;770;1690;1822864966;2
343;357;0;771;1710;1822864973;2
348;347;0;773;1720;1822864980;2
352;337;0;776;1730;1822864987;2
356;325;0;780;1700;1822864995;2
359;314;0;788;1680;1822865002;2
361;303;0;796;1660;1822865009;2
362;292;0;808;1640;1822865016;2
362;282;0;815;1660;1822865023;2
362;272;0;821;1650;1822865030;2
359;264;0;825;1630;1822865037;2
356;256;0;820;1620;1822865044;2
352;249;0;818;1630;1822865051;2
348;242;0;813;1630;1822865058;2
343;236;0;792;1650;1822865065;2
339;229;0;765;1680;1822865072;2
334;223;0;717;1680;1822865079;2
330;217;0;669;1680;1822865086;2
325;211;0;641;1680;1822865093;2
321;205;0;632;1670;1822865100;2
316;199;0;628;1670;1822865107;2
310;192;0;641;1660;1822865114;2
305;186;0;654;1660;1822865121;2
298;180;0;704;1660;1822865128;2
291;175;0;739;1650;1822865135;2
283;170;0;760;1650;1822865142;2
274;167;0;779;1640;1822865149;2
264;165;0;796;1640;1822865156;2
253;165;0;806;1620;1822865163;2
242;165;0;809;1600;1822865170;2
230;168;0;810;1600;1822865177;2
217;171;0;812;1560;1822865185;2
204;175;0;807;1540;1822865192;2
192;179;0;797;1500;1822865199;2
181;183;0;781;1460;1822865206;2
170;188;0;767;1430;1822865213;2
160;193;0;759;1400;1822865220;2
151;197;0;757;1390;1822865227;2
142;201;0;754;1400;1822865234;2
135;205;0;760;1400;1822865241;2
128;209;0;763;1420;1822865248;2
122;213;0;768;1430;1822865255;2
116;218;0;774;1430;1822865262;2
110;224;0;782;1460;1822865269;2
105;231;0;792;1460;1822865276;2
99;239;0;796;1460;1822865283;2
95;246;0;803;1470;1822865290;2
91;253;0;808;1480;1822865297;2
88;260;0;815;1470;1822865304;2
85;266;0;812;1420;1822865311;2
82;275;0;812;1400;1822865318;2
79;285;0;812;1310;1822865325;2
75;296;0;815;1290;1822865332;2
73;307;0;815;1280;1822865339;2
72;318;0;817;1260;1822865346;2
73;328;0;818;1340;1822865353;2
75;337;0;819;1390;1822865360;2
78;345;0;821;1440;1822865368;2
82;353;0;831;1490;1822865375;2
89;361;0;847;1470;1822865382;2
98;369;0;856;1440;1822865389;2
108;377;0;866;1430;1822865396;2
118;384;0;872;1380;1822865403;2
128;390;0;875;1360;1822865410;2
137;396;0;878;1350;1822865417;2
147;402;0;879;1350;1822865424;2
156;408;0;878;1380;1822865431;2
166;413;0;872;1360;1822865438;2
176;419;0;865;1360;1822865445;2
186;424;0;858;1410;1822865452;2
196;429;0;852;1430;1822865459;2
206;433;0;854;1480;1822865466;2
217;435;0;848;1500;1822865473;2
229;436;0;848;1540;1822865480;2
240;436;0;848;1570;1822865487;2
253;435;0;850;1600;1822865494;2
265;431;0;851;1630;1822865501;2
278;427;0;850;1650;1822865508;2
291;421;0;859;1640;1822865515;2
304;415;0;870;1650;1822865522;2
318;407;0;879;1650;1822865529;2
331;400;0;889;1670;1822865536;2
344;391;0;891;1660;1822865543;2
356;383;0;891;1670;1822865551;2
368;374;0;892;1690;1822865558;2
378;366;0;893;1690;1822865565;2
387;359;0;891;1710;1822865572;2
395;351;0;879;1730;1822865579;2
402;344;0;856;1750;1822865586;2
407;336;0;827;1750;1822865593;2
412;328;0;794;1730;1822865600;2
415;319;0;759;1710;1822865607;2
417;311;0;730;1690;1822865614;2
417;302;0;708;1690;1822865621;2
416;293;0;702;1690;1822865628;2
414;283;0;704;1690;1822865635;2
410;273;0;714;1660;1822865642;2
405;263;0;729;1680;1822865649;2
400;253;0;745;1680;1822865656;2
394;243;0;780;1690;1822865663;2
387;233;0;813;1710;1822865670;2
380;224;0;836;1700;1822865677;2
372;215;0;845;1690;1822865684;2
363;208;0;851;1680;1822865691;2
354;202;0;854;1680;1822865698;2
346;196;0;848;1680;1822865705;2
337;190;0;854;1670;1822865712;2
330;185;0;825;1650;1822865719;2
322;179;0;834;1640;1822865726;2
315;174;0;807;1630;1822865733;2
307;170;0;781;1650;1822865741;2
300;165;0;755;1670;1822865748;2
292;161;0;745;1670;1822865755;2
283;157;0;745;1660;1822865762;2
274;154;0;740;1650;1822865769;2
263;152;0;745;1660;1822865776;2
253;151;0;757;1650;1822865783;2
242;151;0;773;1650;1822865790;2
230;151;0;785;1630;1822865797;2
218;153;0;796;1580;1822865804;2
206;156;0;807;1550;1822865811;2
194;161;0;819;1510;1822865818;2
183;166;0;832;1450;1822865825;2
172;172;0;842;1450;1822865832;2
162;180;0;845;1430;1822865839;2
153;188;0;847;1380;1822865846;2
145;197;0;844;1380;1822865853;2
137;205;0;833;1380;1822865860;2
131;214;0;826;1400;1822865867;2
125;223;0;815;1440;1822865874;2
120;232;0;806;1460;1822865881;2
115;242;0;806;1500;1822865888;2
110;250;0;806;1510;1822865895;2
106;259;0;806;1510;1822865902;2
103;268;0;825;1490;1822865909;2
101;278;0;833;1460;1822865916;2
99;288;0;844;1450;1822865924;2
98;298;0;849;1460;1822865931;2
97;309;0;856;1440;1822865938;2
97;319;0;855;1440;1822865945;2
97;330;0;860;1420;1822865952;2
98;341;0;860;1420;1822865959;2
100;351;0;860;1420;1822865966;2
103;361;0;861;1390;1822865973;2
106;371;0;861;1400;1822865980;2
110;381;0;862;1350;1822865987;2
115;390;0;863;1310;1822865994;2
120;399;0;863;1300;1822866001;2
125;407;0;866;1270;1822866008;2
131;415;0;864;1300;1822866015;2
138;423;0;865;1280;1822866022;2
145;430;0;864;1260;1822866029;2
153;436;0;863;1260;1822866036;2
162;441;0;865;1250;1822866043;2
172;445;0;869;1250;1822866050;2
183;447;0;874;1280;1822866057;2
195;448;0;877;1340;1822866064;2
208;448;0;881;1410;1822866071;2
221;447;0;887;1490;1822866078;2
234;446;0;891;1560;1822866085;2
247;443;0;891;1580;1822866092;2
259;441;0;892;1600;1822866099;2
272;437;0;893;1620;1822866107;2
284;433;0;891;1620;1822866114;2
296;429;0;896;1620;1822866121;2
308;424;0;899;1630;1822866128;2
320;419;0;893;1630;1822866135;2
332;413;0;898;1640;1822866142;2
343;407;0;888;1640;1822866149;2
354;401;0;876;1650;1822866156;2
364;393;0;863;1650;1822866163;2
373;385;0;858;1650;1822866170;2
382;375;0;849;1690;1822866177;2
390;365;0;848;1720;1822866184;2
397;354;0;848;1740;1822866191;2
403;342;0;850;1770;1822866198;2
407;330;0;851;1750;1822866205;2
411;317;0;853;1720;1822866212;2
412;304;0;851;1700;1822866219;2
413;291;0;852;1660;1822866226;2
412;279;0;854;1660;1822866233;2
411;267;0;854;1660;1822866240;2
409;256;0;858;1660;1822866247;2
405;246;0;851;1660;1822866254;2
401;238;0;850;1680;1822866261;2
396;229;0;847;1700;1822866268;2
390;222;0;827;1700;1822866275;2
383;214;0;814;1700;1822866282;2
376;208;0;803;1670;1822866289;2
368;201;0;785;1660;1822866297;2
360;195;0;788;1670;1822866304;2
352;189;0;783;1650;1822866311;2
344;183;0;763;1660;1822866318;2
336;177;0;788;1660;1822866325;2
327;172;0;789;1640;1822866332;2
318;166;0;792;1630;1822866339;2
309;161;0;794;1630;1822866346;2
299;157;0;797;1640;1822866353;2
288;154;0;803;1640;1822866360;2
278;151;0;806;1640;1822866367;2
266;149;0;809;1650;1822866374;2
254;149;0;812;1630;1822866381;2
241;150;0;815;1610;1822866388;2
228;152;0;815;1590;1822866395;2
215;155;0;815;1550;1822866402;2
202;160;0;821;1510;1822866409;2
189;166;0;825;1480;1822866416;2
176;173;0;830;1440;1822866423;2
164;181;0;835;1420;1822866430;2
153;190;0;842;1400;1822866437;2
144;198;0;844;1390;1822866444;2
135;206;0;847;1380;1822866451;2
128;214;0;846;1390;1822866458;2
123;222;0;838;1430;1822866465;2
117;230;0;837;1460;1822866472;2
113;238;0;837;1420;1822866480;2
108;246;0;841;1420;1822866487;2
104;254;0;847;1400;1822866494;2
101;262;0;858;1390;1822866501;2
98;270;0;858;1410;1822866508;2
96;279;0;861;1430;1822866515;2
93;290;0;866;1430;1822866522;2
91;299;0;866;1410;1822866529;2
90;307;0;867;1400;1822866536;2
89;314;0;869;1400;1822866543;2
88;322;0;870;1390;1822866550;2
88;331;0;871;1400;1822866557;2
88;342;0;873;1400;1822866564;2
88;356;0;874;1360;1822866571;2
90;370;0;875;1380;1822866578;2
95;386;0;876;1360;1822866585;2
102;400;0;882;1360;1822866592;2
110;412;0;884;1350;1822866599;2
119;421;0;881;1310;1822866606;2
129;428;0;879;1300;1822866613;2
139;434;0;879;1270;1822866620;2
151;439;0;884;1260;1822866627;2
163;442;0;882;1260;1822866634;2
177;444;0;886;1280;1822866641;2
191;444;0;902;1310;1822866648;2
206;444;0;909;1380;1822866655;2
222;442;0;918;1440;1822866663;2
238;440;0;924;1480;1822866670;2
254;436;0;921;1550;1822866677;2
271;433;0;931;1580;1822866684;2
288;429;0;930;1600;1822866691;2
304;424;0;932;1610;1822866698;2
321;419;0;932;1630;1822866705;2
338;414;0;928;1640;1822866712;2
353;408;0;924;1640;1822866719;2
367;402;0;920;1660;1822866726;2
380;396;0;914;1680;1822866733;2
393;388;0;912;1720;1822866740;2
404;380;0;905;1720;1822866747;2
413;371;0;902;1720;1822866754;2
422;361;0;903;1720;1822866761;2
428;351;0;891;1710;1822866768;2
433;340;0;884;1700;1822866775;2
437;327;0;875;1710;1822866782;2
439;315;0;865;1710;1822866789;2
439;301;0;849;1720;1822866796;2
438;288;0;836;1720;1822866803;2
436;274;0;833;1700;1822866810;2
433;261;0;833;1710;1822866817;2
428;249;0;836;1710;1822866824;2
423;237;0;831;1700;1822866831;2
416;226;0;836;1680;1822866838;2
409;217;0;844;1680;1822866846;2
400;209;0;842;1690;1822866853;2
389;201;0;842;1690;1822866860;2
378;195;0;840;1680;1822866867;2
366;189;0;840;1660;1822866874;2
353;184;0;815;1650;1822866881;2
340;180;0;836;1620;1822866888;2
327;176;0;821;1610;1822866895;2
313;172;0;809;1610;1822866902;2
299;168;0;797;1610;1822866909;2
286;165;0;792;1590;1822866916;2
272;162;0;792;1600;1822866923;2
259;159;0;792;1600;1822866930;2
245;156;0;797;1580;1822866937;2
232;155;0;799;1570;1822866944;2
219;154;0;809;1520;1822866951;2
207;154;0;820;1480;1822866958;2
195;155;0;831;1470;1822866965;2
183;158;0;839;1430;1822866972;2
171;161;0;842;1430;1822866979;2
160;166;0;845;1410;1822866986;2
149;172;0;853;1400;1822866993;2
138;179;0;860;1390;1822867000;2
129;188;0;866;1370;1822867007;2
120;197;0;872;1360;1822867014;2
113;207;0;872;1400;1822867021;2
106;217;0;872;1410;1822867028;2
100;228;0;863;1420;1822867036;2
97;240;0;868;1450;1822867043;2
94;251;0;866;1460;1822867050;2
92;262;0;864;1470;1822867057;2
91;272;0;865;1460;1822867064;2
91;280;0;867;1450;1822867071;2
91;289;0;865;1430;1822867078;2
91;299;0;866;1410;1822867085;2
91;310;0;874;1400;1822867092;2
92;323;0;884;1370;1822867099;2
94;335;0;897;1360;1822867106;2
95;346;0;902;1390;1822867113;2
97;358;0;911;1370;1822867120;2
98;371;0;908;1360;1822867127;2
100;385;0;909;1360;1822867134;2
102;398;0;913;1350;1822867141;2
104;412;0;916;1340;1822867148;2
108;425;0;920;1310;1822867155;2
113;437;0;915;1260;1822867162;2
118;448;0;911;1210;1822867169;2
125;456;0;903;1180;1822867176;2
134;463;0;902;1220;1822867183;2
145;468;0;904;1240;1822867190;2
157;470;0;905;1280;1822867197;2
171;471;0;907;1340;1822867204;2
186;469;0;908;1360;1822867211;2
202;466;0;911;1440;1822867219;2
218;460;0;920;1500;1822867226;2
235;454;0;928;1580;1822867233;2
251;447;0;935;1650;1822867240;2
267;439;0;941;1690;1822867247;2
283;431;0;940;1710;1822867254;2
299;421;0;933;1680;1822867261;2
314;412;0;949;1670;1822867268;2
329;403;0;951;1650;1822867275;2
343;394;0;949;1640;1822867282;2
356;385;0;936;1660;1822867289;2
368;375;0;914;1670;1822867296;2
379;365;0;884;1690;1822867303;2
390;355;0;851;1740;1822867310;2
398;344;0;820;1740;1822867317;2
405;332;0;802;1720;1822867324;2
411;319;0;794;1700;1822867331;2
414;305;0;792;1680;1822867338;2
415;291;0;794;1690;1822867345;2
414;276;0;803;1690;1822867352;2
411;261;0;819;1690;1822867359;2
406;245;0;830;1700;1822867366;2
399;230;0;842;1700;1822867373;2
392;216;0;863;1710;1822867380;2
384;202;0;878;1710;1822867387;2
376;190;0;883;1710;1822867394;2
367;179;0;867;1700;1822867402;2
357;169;0;906;1700;1822867409;2
347;161;0;905;1700;1822867416;2
337;154;0;902;1680;1822867423;2
326;148;0;896;1700;1822867430;2
314;143;0;887;1680;1822867437;2
302;139;0;870;1660;1822867444;2
289;136;0;858;1650;1822867451;2
275;133;0;849;1590;1822867458;2
261;132;0;846;1600;1822867465;2
246;132;0;845;1580;1822867472;2
230;134;0;843;1570;1822867479;2
214;137;0;842;1530;1822867486;2
199;141;0;842;1490;1822867493;2
183;147;0;847;1430;1822867500;2
168;154;0;851;1400;1822867507;2
154;161;0;854;1390;1822867514;2
142;170;0;861;1370;1822867521;2
131;179;0;864;1400;1822867528;2
120;189;0;869;1390;1822867535;2
110;200;0;871;1410;1822867542;2
101;211;0;869;1440;1822867549;2
94;220;0;869;1470;1822867556;2
88;229;0;867;1490;1822867563;2
84;237;0;872;1440;1822867570;2
80;245;0;881;1350;1822867577;2
76;255;0;892;1300;1822867584;2
71;267;0;902;1250;1822867592;2
66;281;0;911;1240;1822867599;2
63;295;0;911;1250;1822867606;2
60;310;0;914;1230;1822867613;2
60;325;0;920;1230;1822867620;2
61;340;0;928;1250;1822867627;2
63;355;0;924;1290;1822867634;2
68;370;0;917;1350;1822867641;2
75;385;0;911;1350;1822867648;2
84;402;0;899;1350;1822867655;2
95;418;0;887;1310;1822867662;2
108;434;0;866;1270;1822867669;2
121;447;0;825;1270;1822867676;2
133;458;0;747;1260;1822867683;2
146;466;0;611;1270;1822867690;2
158;472;0;335;1310;1822867697;2
158;472;0;0;1320;1822867704;2
186;480;72;0;1400;1822867711;2
199;480;180;0;1420;1822867718;2
213;480;300;0;1490;1822867725;2
228;480;433;0;1600;1822867732;2
243;480;541;0;1480;1822867739;2
257;480;649;0;1510;1822867746;2
272;480;746;0;1580;1822867753;2
272;480;746;0;1580;1822867775;2
