373;195;0;8;1480;6324964;0
373;195;0;38;1480;6324971;0
373;195;0;71;1470;6324978;0
373;194;0;106;1470;6324985;0
373;194;0;136;1480;6324992;0
372;194;0;156;1490;6324999;0
372;194;0;176;1490;6325006;0
371;194;0;198;1490;6325013;0
371;194;0;215;1490;6325021;0
370;193;0;231;1480;6325028;0
370;193;0;243;1490;6325035;0
370;193;0;254;1490;6325042;0
370;193;0;262;1490;6325049;0
370;193;0;267;1490;6325056;0
370;193;0;267;1490;6325063;0
370;193;0;267;1490;6325070;0
370;193;0;267;1490;6325077;0
370;193;0;268;1500;6325084;0
370;193;0;269;1500;6325091;0
370;193;0;269;1490;6325098;0
370;193;0;270;1490;6325105;0
369;193;0;270;1470;6325112;0
369;193;0;270;1460;6325119;0
368;193;0;270;1460;6325126;0
368;193;0;273;1470;6325133;0
367;193;0;279;1480;6325140;0
366;193;0;292;1480;6325147;0
365;193;0;307;1490;6325154;0
364;193;0;321;1500;6325161;0
363;193;0;338;1490;6325168;0
363;193;0;347;1490;6325175;0
362;192;0;356;1480;6325182;0
361;192;0;363;1480;6325189;0
361;192;0;372;1480;6325196;0
361;192;0;379;1480;6325203;0
361;192;0;389;1490;6325211;0
361;192;0;399;1500;6325218;0
361;192;0;411;1500;6325225;0
361;191;0;421;1500;6325232;0
361;191;0;429;1500;6325239;0
362;191;0;437;1500;6325246;0
363;190;0;444;1500;6325253;0
364;190;0;449;1510;6325260;0
365;189;0;453;1510;6325267;0
365;189;0;459;1520;6325274;0
366;189;0;464;1520;6325281;0
366;188;0;469;1510;6325288;0
366;188;0;473;1510;6325295;0
366;188;0;478;1500;6325302;0
365;187;0;481;1510;6325309;0
365;187;0;485;1520;6325316;0
364;187;0;488;1520;6325323;0
363;186;0;492;1530;6325330;0
362;186;0;495;1530;6325337;0
361;186;0;499;1520;6325344;0
360;185;0;502;1530;6325351;0
359;185;0;504;1530;6325358;0
358;185;0;509;1530;6325365;0
358;184;0;512;1530;6325372;0
357;184;0;515;1530;6325379;0
356;184;0;518;1520;6325386;0
355;183;0;520;1510;6325394;0
353;183;0;521;1510;6325401;0
351;183;0;521;1510;6325408;0
348;183;0;521;1520;6325415;0
345;183;0;521;1520;6325422;0
342;183;0;521;1520;6325429;0
339;184;0;522;1510;6325436;0
336;184;0;521;1500;6325443;0
334;184;0;521;1500;6325450;0
331;185;0;521;1500;6325457;0
329;185;0;521;1500;6325464;0
327;186;0;521;1520;6325471;0
325;186;0;522;1520;6325478;0
324;187;0;522;1520;6325485;0
323;187;0;523;1520;6325492;0
322;188;0;525;1500;6325499;0
321;188;0;528;1500;6325506;0
321;188;0;528;1500;6325513;0
321;189;0;529;1500;6325520;0
321;189;0;531;1510;6325527;0
320;190;0;532;1520;6325534;0
320;190;0;533;1520;6325541;0
320;191;0;534;1510;6325548;0
319;191;0;534;1510;6325555;0
319;192;0;535;1500;6325562;0
318;192;0;535;1510;6325569;0
318;193;0;536;1500;6325577;0
317;193;0;537;1500;6325584;0
316;194;0;537;1490;6325591;0
315;195;0;537;1490;6325598;0
314;195;0;537;1490;6325605;0
313;196;0;537;1480;6325612;0
313;196;0;538;1490;6325619;0
312;197;0;537;1480;6325626;0
312;198;0;534;1450;6325633;0
312;198;0;539;1460;6325640;0
312;199;0;531;1440;6325647;0
311;199;0;531;1440;6325654;0
311;199;0;531;1430;6325661;0
310;200;0;531;1420;6325668;0
308;200;0;531;1430;6325675;0
307;201;0;531;1410;6325682;0
305;201;0;532;1430;6325689;0
304;202;0;532;1420;6325696;0
303;202;0;532;1430;6325703;0
303;202;0;532;1460;6325710;0
303;203;0;531;1450;6325717;0
304;203;0;532;1460;6325724;0
305;204;0;533;1470;6325731;0
307;204;0;532;1450;6325738;0
308;204;0;533;1450;6325745;0
309;204;0;533;1440;6325752;0
310;205;0;533;1430;6325759;0
311;205;0;533;1430;6325767;0
311;205;0;534;1440;6325774;0
312;205;0;533;1440;6325781;0
312;205;0;533;1440;6325788;0
312;205;0;532;1440;6325795;0
312;205;0;533;1450;6325802;0
312;205;0;533;1450;6325809;0
312;205;0;534;1450;6325816;0
312;205;0;534;1450;6325823;0
312;206;0;534;1450;6325830;0
312;206;0;534;1450;6325837;0
312;206;0;534;1450;6325844;0
312;206;0;534;1450;6325851;0
312;206;0;534;1450;6325858;0
312;207;0;534;1450;6325865;0
313;207;0;534;1450;6325872;0
313;207;0;534;1450;6325879;0
313;207;0;534;1450;6325886;0
313;208;0;534;1440;6325893;0
313;208;0;534;1440;6325900;0
313;208;0;535;1450;6325907;0
313;209;0;535;1450;6325914;0
313;209;0;536;1440;6325921;0
312;210;0;537;1450;6325928;0
311;210;0;537;1450;6325935;0
310;211;0;537;1440;6325942;0
309;211;0;537;1450;6325950;0
309;212;0;538;1450;6325957;0
308;212;0;538;1460;6325964;0
307;213;0;538;1470;6325971;0
307;213;0;538;1470;6325978;0
307;214;0;538;1470;6325985;0
307;214;0;538;1470;6325992;0
307;215;0;538;1470;6325999;0
307;215;0;539;1480;6326006;0
308;216;0;539;1450;6326013;0
309;216;0;540;1440;6326020;0
309;217;0;540;1440;6326027;0
310;217;0;541;1450;6326034;0
311;217;0;543;1460;6326041;0
311;218;0;544;1470;6326048;0
312;218;0;544;1460;6326055;0
312;219;0;546;1480;6326062;0
313;219;0;546;1470;6326069;0
313;219;0;547;1480;6326076;0
313;220;0;547;1480;6326083;0
313;220;0;547;1480;6326090;0
313;221;0;548;1480;6326097;0
314;221;0;549;1490;6326104;0
314;221;0;549;1490;6326111;0
315;222;0;550;1490;6326118;0
315;222;0;552;1490;6326125;0
316;222;0;555;1480;6326133;0
316;222;0;558;1480;6326140;0
317;223;0;561;1470;6326147;0
317;223;0;563;1480;6326154;0
318;223;0;565;1490;6326161;0
318;224;0;567;1490;6326168;0
318;224;0;568;1490;6326175;0
318;224;0;571;1480;6326182;0
318;225;0;572;1470;6326189;0
318;225;0;573;1470;6326196;0
318;225;0;574;1470;6326203;0
318;226;0;574;1470;6326210;0
318;226;0;575;1480;6326217;0
318;226;0;575;1480;6326224;0
318;227;0;576;1490;6326231;0
319;227;0;576;1500;6326238;0
319;227;0;576;1500;6326245;0
319;228;0;577;1500;6326252;0
320;228;0;577;1490;6326259;0
321;229;0;577;1490;6326266;0
321;229;0;577;1490;6326273;0
322;230;0;577;1490;6326280;0
323;231;0;580;1490;6326287;0
324;231;0;581;1500;6326294;0
325;232;0;582;1500;6326301;0
326;233;0;583;1520;6326308;0
326;234;0;584;1520;6326315;0
327;235;0;585;1510;6326323;0
327;236;0;586;1500;6326330;0
327;237;0;587;1490;6326337;0
327;238;0;587;1490;6326344;0
328;238;0;588;1480;6326351;0
328;239;0;588;1480;6326358;0
328;240;0;588;1480;6326365;0
328;240;0;588;1480;6326372;0
328;241;0;589;1490;6326379;0
328;241;0;589;1500;6326386;0
328;242;0;589;1500;6326393;0
329;242;0;589;1490;6326400;0
329;242;0;589;1470;6326407;0
329;243;0;589;1470;6326414;0
330;243;0;589;1470;6326421;0
330;244;0;589;1460;6326428;0
331;244;0;589;1470;6326435;0
332;245;0;590;1470;6326442;0
332;245;0;590;1480;6326449;0
333;245;0;590;1490;6326456;0
333;246;0;590;1490;6326463;0
334;247;0;592;1500;6326470;0
334;247;0;592;1490;6326477;0
335;248;0;592;1470;6326484;0
335;248;0;594;1450;6326491;0
335;248;0;592;1450;6326498;0
336;249;0;594;1430;6326506;0
336;249;0;592;1430;6326513;0
337;250;0;594;1440;6326520;0
337;250;0;594;1440;6326527;0
338;250;0;594;1440;6326534;0
339;250;0;594;1440;6326541;0
340;250;0;594;1440;6326548;0
341;250;0;594;1440;6326555;0
343;251;0;595;1450;6326562;0
344;251;0;595;1460;6326569;0
346;251;0;596;1450;6326576;0
348;251;0;596;1460;6326583;0
350;251;0;596;1460;6326590;0
351;251;0;596;1470;6326597;0
352;252;0;596;1470;6326604;0
353;252;0;596;1480;6326611;0
354;252;0;596;1470;6326618;0
354;252;0;596;1470;6326625;0
355;252;0;596;1470;6326632;0
355;252;0;597;1470;6326639;0
355;253;0;596;1470;6326646;0
355;253;0;596;1470;6326653;0
355;253;0;596;1470;6326660;0
356;253;0;596;1470;6326667;0
357;253;0;597;1470;6326674;0
357;254;0;597;1480;6326681;0
358;254;0;597;1480;6326689;0
359;254;0;596;1480;6326696;0
360;255;0;597;1480;6326703;0
361;255;0;597;1470;6326710;0
362;255;0;598;1480;6326717;0
364;255;0;598;1480;6326724;0
365;255;0;599;1500;6326731;0
367;256;0;599;1500;6326738;0
368;256;0;600;1510;6326745;0
370;256;0;601;1500;6326752;0
371;256;0;601;1480;6326759;0
373;257;0;601;1500;6326766;0
374;257;0;602;1500;6326773;0
376;257;0;602;1510;6326780;0
377;257;0;602;1520;6326787;0
379;258;0;603;1510;6326794;0
380;258;0;603;1510;6326801;0
382;259;0;604;1510;6326808;0
383;259;0;603;1490;6326815;0
385;259;0;604;1510;6326822;0
386;259;0;604;1490;6326829;0
388;259;0;605;1490;6326836;0
390;259;0;604;1510;6326843;0
392;259;0;605;1510;6326850;0
394;259;0;605;1510;6326857;0
396;259;0;606;1510;6326864;0
398;259;0;608;1530;6326871;0
401;258;0;609;1550;6326879;0
403;258;0;609;1570;6326886;0
405;257;0;610;1600;6326893;0
407;257;0;611;1600;6326900;0
410;257;0;611;1600;6326907;0
412;256;0;611;1600;6326914;0
414;256;0;611;1600;6326921;0
415;256;0;611;1600;6326928;0
417;255;0;611;1600;6326935;0
419;255;0;612;1610;6326942;0
421;254;0;611;1610;6326949;0
423;254;0;615;1610;6326956;0
424;254;0;613;1610;6326963;0
426;253;0;614;1610;6326970;0
427;253;0;614;1610;6326977;0
429;252;0;614;1610;6326984;0
430;252;0;614;1610;6326991;0
431;252;0;614;1610;6326998;0
433;251;0;617;1610;6327005;0
435;251;0;614;1610;6327012;0
436;250;0;614;1610;6327019;0
438;250;0;616;1620;6327026;0
440;249;0;614;1620;6327033;0
441;249;0;614;1630;6327040;0
443;248;0;615;1630;6327047;0
444;248;0;614;1630;6327054;0
445;247;0;617;1620;6327062;0
446;246;0;615;1620;6327069;0
446;246;0;616;1620;6327076;0
447;245;0;616;1630;6327083;0
448;244;0;617;1640;6327090;0
449;243;0;616;1640;6327097;0
450;243;0;617;1640;6327104;0
451;242;0;617;1630;6327111;0
453;241;0;615;1640;6327118;0
456;240;0;617;1640;6327125;0
458;240;0;617;1640;6327132;0
462;239;0;616;1650;6327139;0
465;238;0;617;1650;6327146;0
468;237;0;617;1660;6327153;0
470;236;0;617;1670;6327160;0
472;235;0;616;1670;6327167;0
473;234;0;618;1660;6327174;0
474;233;0;617;1670;6327181;0
475;232;0;620;1670;6327188;0
476;231;0;623;1670;6327195;0
476;230;0;627;1670;6327202;0
476;228;0;627;1670;6327209;0
475;227;0;624;1670;6327216;0
475;225;0;623;1670;6327223;0
474;223;0;623;1670;6327230;0
474;222;0;627;1670;6327237;0
474;220;0;623;1670;6327245;0
474;218;0;623;1670;6327252;0
475;217;0;623;1690;6327259;0
477;215;0;622;1670;6327266;0
479;213;0;621;1680;6327273;0
481;211;0;621;1680;6327280;0
483;210;0;620;1680;6327287;0
485;208;0;622;1680;6327294;0
487;206;0;621;1680;6327301;0
489;205;0;621;1670;6327308;0
490;204;0;621;1670;6327315;0
491;202;0;614;1670;6327322;0
492;201;0;622;1670;6327329;0
492;199;0;623;1670;6327336;0
492;198;0;623;1650;6327343;0
492;196;0;623;1670;6327350;0
492;194;0;608;1670;6327357;0
490;192;0;631;1670;6327364;0
489;191;0;632;1670;6327371;0
488;189;0;633;1670;6327378;0
487;187;0;633;1670;6327385;0
486;186;0;634;1670;6327392;0
485;184;0;633;1660;6327399;0
484;183;0;632;1670;6327406;0
483;181;0;635;1660;6327413;0
483;180;0;634;1670;6327420;0
483;179;0;635;1670;6327428;0
483;177;0;635;1670;6327435;0
482;176;0;635;1670;6327442;0
482;175;0;635;1660;6327449;0
482;174;0;635;1660;6327456;0
481;172;0;635;1660;6327463;0
481;171;0;635;1670;6327470;0
480;170;0;635;1670;6327477;0
479;169;0;635;1670;6327484;0
478;167;0;635;1670;6327491;0
476;166;0;638;1670;6327498;0
475;165;0;635;1670;6327505;0
473;164;0;635;1660;6327512;0
472;163;0;635;1660;6327519;0
471;162;0;635;1660;6327526;0
470;161;0;638;1660;6327533;0
469;160;0;635;1660;6327540;0
467;159;0;637;1660;6327547;0
466;158;0;636;1660;6327554;0
464;157;0;634;1660;6327561;0
462;156;0;638;1650;6327568;0
460;155;0;635;1650;6327575;0
458;155;0;635;1650;6327582;0
456;154;0;635;1650;6327589;0
454;153;0;635;1650;6327596;0
452;153;0;635;1650;6327603;0
450;152;0;635;1650;6327610;0
448;152;0;635;1650;6327618;0
446;151;0;635;1650;6327625;0
445;150;0;634;1650;6327632;0
442;150;0;634;1660;6327639;0
440;149;0;634;1650;6327646;0
438;148;0;636;1650;6327653;0
435;147;0;635;1670;6327660;0
432;146;0;634;1670;6327667;0
429;145;0;638;1680;6327674;0
426;144;0;635;1670;6327681;0
424;143;0;632;1660;6327688;0
422;142;0;633;1640;6327695;0
420;141;0;634;1630;6327702;0
418;140;0;632;1620;6327709;0
416;139;0;634;1620;6327716;0
415;138;0;635;1620;6327723;0
413;137;0;633;1620;6327730;0
411;135;0;633;1630;6327737;0
409;134;0;633;1640;6327744;0
407;133;0;633;1630;6327751;0
405;132;0;632;1640;6327758;0
403;131;0;633;1620;6327765;0
400;130;0;632;1610;6327772;0
397;129;0;632;1600;6327779;0
393;128;0;632;1590;6327786;0
389;127;0;636;1590;6327793;0
384;126;0;630;1590;6327801;0
380;126;0;631;1590;6327808;0
375;125;0;630;1590;6327815;0
371;124;0;631;1610;6327822;0
366;123;0;631;1610;6327829;0
362;123;0;629;1610;6327836;0
359;123;0;629;1610;6327843;0
355;122;0;630;1600;6327850;0
352;122;0;630;1590;6327857;0
349;122;0;629;1590;6327864;0
347;121;0;629;1590;6327871;0
345;121;0;629;1590;6327878;0
343;121;0;629;1600;6327885;0
341;121;0;628;1590;6327892;0
339;121;0;629;1570;6327899;0
337;121;0;628;1580;6327906;0
335;121;0;629;1580;6327913;0
333;121;0;629;1570;6327920;0
331;121;0;632;1570;6327927;0
328;121;0;629;1560;6327934;0
325;122;0;631;1560;6327941;0
322;122;0;629;1550;6327948;0
318;122;0;629;1550;6327955;0
315;122;0;631;1540;6327962;0
311;123;0;629;1510;6327969;0
308;123;0;629;1500;6327976;0
304;124;0;629;1470;6327984;0
300;124;0;629;1470;6327991;0
297;125;0;629;1470;6327998;0
293;126;0;628;1460;6328005;0
290;126;0;628;1470;6328012;0
287;127;0;627;1440;6328019;0
284;128;0;631;1440;6328026;0
282;129;0;629;1430;6328033;0
279;130;0;632;1410;6328040;0
277;130;0;629;1400;6328047;0
275;131;0;628;1380;6328054;0
273;132;0;628;1380;6328061;0
271;133;0;628;1370;6328068;0
270;134;0;627;1360;6328075;0
268;135;0;628;1350;6328082;0
267;136;0;628;1330;6328089;0
265;137;0;627;1330;6328096;0
264;138;0;627;1330;6328103;0
262;139;0;627;1320;6328110;0
260;140;0;627;1320;6328117;0
259;141;0;627;1310;6328124;0
257;142;0;627;1310;6328131;0
255;143;0;628;1300;6328138;0
254;144;0;628;1300;6328145;0
252;145;0;628;1290;6328152;0
250;146;0;628;1300;6328159;0
247;146;0;628;1320;6328166;0
244;147;0;629;1340;6328174;0
241;148;0;629;1360;6328181;0
238;149;0;629;1350;6328188;0
235;150;0;629;1360;6328195;0
232;151;0;629;1360;6328202;0
229;151;0;627;1340;6328209;0
227;152;0;629;1360;6328216;0
226;153;0;627;1360;6328223;0
224;154;0;629;1360;6328230;0
223;155;0;628;1380;6328237;0
222;156;0;629;1390;6328244;0
222;157;0;629;1370;6328251;0
221;158;0;628;1370;6328258;0
222;159;0;627;1370;6328265;0
223;160;0;627;1360;6328272;0
223;161;0;629;1390;6328279;0
224;162;0;627;1390;6328286;0
224;163;0;628;1380;6328293;0
225;164;0;627;1390;6328300;0
225;164;0;629;1390;6328307;0
224;165;0;627;1400;6328314;0
224;166;0;631;1410;6328321;0
223;167;0;632;1410;6328328;0
222;168;0;629;1420;6328335;0
221;169;0;634;1420;6328342;0
220;169;0;631;1430;6328349;0
219;170;0;631;1440;6328357;0
218;171;0;632;1440;6328364;0
218;172;0;632;1440;6328371;0
217;173;0;629;1450;6328378;0
217;174;0;629;1450;6328385;0
216;176;0;629;1450;6328392;0
216;177;0;630;1450;6328399;0
215;178;0;631;1450;6328406;0
214;179;0;631;1430;6328413;0
214;180;0;635;1410;6328420;0
213;182;0;632;1370;6328427;0
211;183;0;631;1340;6328434;0
209;184;0;632;1360;6328441;0
206;186;0;632;1370;6328448;0
204;187;0;632;1380;6328455;0
202;188;0;632;1390;6328462;0
200;190;0;633;1390;6328469;0
198;191;0;633;1390;6328476;0
197;193;0;633;1370;6328483;0
196;194;0;635;1380;6328490;0
194;196;0;635;1370;6328497;0
193;197;0;634;1380;6328504;0
191;199;0;633;1370;6328511;0
189;201;0;632;1360;6328518;0
188;202;0;628;1360;6328525;0
186;203;0;628;1370;6328532;0
185;205;0;627;1370;6328540;0
184;207;0;627;1380;6328547;0
183;208;0;627;1380;6328554;0
182;210;0;627;1380;6328561;0
181;211;0;628;1390;6328568;0
181;213;0;629;1380;6328575;0
180;214;0;628;1390;6328582;0
180;216;0;629;1390;6328589;0
179;217;0;629;1390;6328596;0
179;219;0;628;1390;6328603;0
178;220;0;629;1380;6328610;0
178;221;0;629;1380;6328617;0
178;223;0;629;1380;6328624;0
178;224;0;632;1390;6328631;0
178;225;0;630;1390;6328638;0
179;226;0;629;1390;6328645;0
180;227;0;628;1390;6328652;0
180;228;0;632;1370;6328659;0
181;229;0;628;1360;6328666;0
182;230;0;629;1360;6328673;0
183;231;0;631;1350;6328680;0
184;232;0;630;1360;6328687;0
184;232;0;630;1370;6328694;0
184;233;0;631;1360;6328701;0
185;234;0;631;1370;6328708;0
185;234;0;631;1360;6328715;0
186;235;0;634;1360;6328722;0
187;236;0;634;1360;6328730;0
188;236;0;633;1360;6328737;0
189;237;0;635;1360;6328744;0
190;237;0;635;1370;6328751;0
191;238;0;634;1370;6328758;0
192;238;0;635;1360;6328765;0
194;239;0;633;1350;6328772;0
195;239;0;635;1350;6328779;0
197;240;0;635;1340;6328786;0
198;240;0;635;1340;6328793;0
200;241;0;636;1330;6328800;0
201;242;0;637;1330;6328807;0
201;243;0;635;1350;6328814;0
203;243;0;635;1350;6328821;0
203;244;0;635;1350;6328828;0
204;245;0;636;1300;6328835;0
205;246;0;635;1270;6328842;0
206;247;0;636;1230;6328849;0
208;248;0;635;1200;6328856;0
209;249;0;635;1240;6328863;0
211;250;0;635;1270;6328870;0
213;251;0;638;1320;6328877;0
215;252;0;638;1360;6328884;0
217;253;0;639;1380;6328891;0
218;254;0;635;1390;6328898;0
219;255;0;638;1380;6328905;0
221;257;0;635;1390;6328913;0
222;258;0;635;1400;6328920;0
223;259;0;634;1400;6328927;0
224;260;0;634;1400;6328934;0
224;261;0;635;1390;6328941;0
225;263;0;635;1380;6328948;0
226;264;0;636;1400;6328955;0
226;265;0;635;1410;6328962;0
227;266;0;635;1420;6328969;0
228;267;0;636;1420;6328976;0
228;268;0;635;1410;6328983;0
229;269;0;637;1410;6328990;0
230;270;0;635;1410;6328997;0
231;271;0;637;1420;6329004;0
231;272;0;639;1420;6329011;0
232;273;0;635;1420;6329018;0
233;274;0;637;1410;6329025;0
234;275;0;635;1410;6329032;0
234;275;0;635;1400;6329039;0
235;276;0;637;1400;6329046;0
236;277;0;636;1410;6329053;0
237;278;0;635;1410;6329060;0
238;279;0;637;1420;6329067;0
238;280;0;637;1410;6329074;0
239;281;0;635;1410;6329081;0
239;282;0;637;1410;6329088;0
240;283;0;636;1410;6329096;0
241;284;0;636;1410;6329103;0
242;285;0;637;1420;6329110;0
242;285;0;636;1410;6329117;0
243;286;0;638;1420;6329124;0
244;287;0;636;1400;6329131;0
244;288;0;636;1400;6329138;0
245;289;0;637;1400;6329145;0
246;290;0;636;1400;6329152;0
247;291;0;637;1420;6329159;0
247;292;0;636;1410;6329166;0
248;293;0;637;1410;6329173;0
248;294;0;637;1390;6329180;0
249;294;0;637;1350;6329187;0
249;295;0;638;1320;6329194;0
250;296;0;637;1300;6329201;0
250;297;0;637;1270;6329208;0
251;297;0;638;1280;6329215;0
252;298;0;637;1290;6329222;0
252;298;0;638;1290;6329229;0
253;299;0;638;1300;6329236;0
253;299;0;637;1300;6329243;0
254;299;0;636;1290;6329250;0
255;300;0;636;1290;6329257;0
255;300;0;638;1290;6329264;0
256;300;0;638;1280;6329271;0
257;301;0;638;1290;6329278;0
257;301;0;638;1300;6329286;0
258;301;0;638;1310;6329293;0
258;301;0;638;1320;6329300;0
259;302;0;637;1320;6329307;0
259;302;0;638;1320;6329314;0
260;302;0;638;1320;6329321;0
261;302;0;638;1310;6329328;0
261;303;0;638;1310;6329335;0
262;303;0;638;1320;6329342;0
263;303;0;638;1340;6329349;0
263;303;0;641;1350;6329356;0
264;304;0;638;1350;6329363;0
265;304;0;639;1350;6329370;0
266;304;0;638;1350;6329377;0
267;305;0;638;1350;6329384;0
268;305;0;639;1350;6329391;0
269;305;0;641;1360;6329398;0
269;306;0;638;1360;6329405;0
270;306;0;638;1360;6329412;0
271;307;0;638;1360;6329419;0
271;307;0;636;1360;6329426;0
272;307;0;637;1360;6329433;0
272;308;0;636;1360;6329440;0
273;308;0;637;1350;6329447;0
273;308;0;640;1370;6329454;0
274;309;0;638;1360;6329461;0
274;309;0;636;1370;6329469;0
275;309;0;637;1380;6329476;0
275;309;0;636;1380;6329483;0
275;310;0;637;1380;6329490;0
276;310;0;637;1380;6329497;0
276;310;0;637;1380;6329504;0
276;310;0;637;1370;6329511;0
277;311;0;638;1380;6329518;0
277;311;0;638;1380;6329525;0
277;311;0;638;1370;6329532;0
278;311;0;637;1380;6329539;0
278;312;0;638;1380;6329546;0
279;312;0;637;1380;6329553;0
279;312;0;638;1380;6329560;0
279;312;0;636;1390;6329567;0
279;312;0;641;1380;6329574;0
279;313;0;637;1390;6329581;0
279;313;0;637;1390;6329588;0
280;313;0;638;1390;6329595;0
280;313;0;637;1400;6329602;0
281;313;0;638;1390;6329609;0
281;313;0;637;1400;6329616;0
282;314;0;638;1400;6329623;0
282;314;0;637;1390;6329630;0
283;314;0;637;1400;6329637;0
283;315;0;636;1390;6329644;0
284;315;0;637;1400;6329652;0
285;315;0;637;1400;6329659;0
286;316;0;637;1400;6329666;0
287;316;0;638;1400;6329673;0
288;316;0;638;1410;6329680;0
288;317;0;638;1400;6329687;0
289;317;0;638;1410;6329694;0
290;317;0;638;1420;6329701;0
291;317;0;638;1400;6329708;0
291;317;0;638;1410;6329715;0
292;317;0;638;1400;6329722;0
293;317;0;639;1400;6329729;0
293;317;0;639;1400;6329736;0
293;317;0;632;1400;6329743;0
293;317;0;645;1400;6329750;0
293;317;0;639;1400;6329757;0
293;317;0;640;1400;6329764;0
294;317;0;643;1400;6329771;0
294;317;0;641;1410;6329778;0
294;317;0;641;1400;6329785;0
295;317;0;644;1400;6329792;0
295;317;0;645;1400;6329799;0
296;317;0;647;1390;6329806;0
297;317;0;645;1390;6329813;0
298;317;0;645;1390;6329820;0
299;317;0;645;1400;6329827;0
300;317;0;648;1400;6329834;0
301;317;0;645;1410;6329842;0
302;317;0;644;1410;6329849;0
303;317;0;646;1400;6329856;0
304;317;0;644;1410;6329863;0
305;316;0;643;1400;6329870;0
306;316;0;644;1400;6329877;0
306;316;0;644;1400;6329884;0
307;316;0;646;1390;6329891;0
307;316;0;645;1410;6329898;0
308;316;0;645;1390;6329905;0
308;316;0;645;1400;6329912;0
309;316;0;645;1410;6329919;0
310;316;0;645;1400;6329926;0
310;316;0;645;1420;6329933;0
311;316;0;645;1410;6329940;0
312;316;0;645;1420;6329947;0
313;316;0;643;1430;6329954;0
314;315;0;648;1420;6329961;0
315;315;0;644;1410;6329968;0
316;315;0;644;1420;6329975;0
316;315;0;644;1410;6329982;0
317;315;0;647;1410;6329989;0
318;315;0;641;1410;6329996;0
318;315;0;643;1410;6330003;0
319;315;0;643;1420;6330010;0
319;316;0;643;1430;6330017;0
320;316;0;645;1430;6330025;0
321;316;0;643;1430;6330032;0
321;316;0;641;1430;6330039;0
322;316;0;643;1430;6330046;0
322;316;0;643;1430;6330053;0
323;316;0;645;1430;6330060;0
324;316;0;643;1440;6330067;0
324;316;0;643;1430;6330074;0
325;316;0;641;1440;6330081;0
326;317;0;645;1430;6330088;0
326;317;0;644;1430;6330095;0
327;317;0;643;1430;6330102;0
328;317;0;641;1420;6330109;0
328;317;0;644;1430;6330116;0
329;317;0;641;1430;6330123;0
330;318;0;641;1430;6330130;0
331;318;0;641;1440;6330137;0
332;318;0;641;1440;6330144;0
333;318;0;641;1440;6330151;0
334;319;0;643;1450;6330158;0
335;319;0;641;1440;6330165;0
336;319;0;641;1450;6330172;0
337;320;0;641;1450;6330179;0
338;320;0;643;1450;6330186;0
339;320;0;641;1450;6330193;0
340;320;0;647;1460;6330200;0
341;321;0;641;1460;6330208;0
343;321;0;643;1460;6330215;0
345;321;0;645;1470;6330222;0
347;321;0;644;1460;6330229;0
350;321;0;644;1460;6330236;0
352;321;0;645;1460;6330243;0
355;321;0;646;1450;6330250;0
357;321;0;645;1460;6330257;0
360;321;0;646;1460;6330264;0
362;321;0;646;1460;6330271;0
364;321;0;645;1470;6330278;0
367;321;0;646;1470;6330285;0
369;321;0;646;1470;6330292;0
371;320;0;645;1470;6330299;0
374;320;0;647;1470;6330306;0
377;320;0;646;1480;6330313;0
380;319;0;647;1480;6330320;0
383;319;0;647;1490;6330327;0
386;319;0;648;1470;6330334;0
390;318;0;648;1480;6330341;0
393;318;0;648;1490;6330348;0
397;318;0;647;1490;6330355;0
401;317;0;647;1530;6330362;0
404;317;0;647;1550;6330369;0
408;317;0;647;1560;6330376;0
411;316;0;646;1580;6330383;0
414;316;0;647;1580;6330390;0
418;315;0;647;1570;6330398;0
421;315;0;647;1570;6330405;0
423;315;0;649;1570;6330412;0
426;314;0;649;1570;6330419;0
429;314;0;651;1570;6330426;0
431;313;0;651;1570;6330433;0
433;313;0;652;1570;6330440;0
436;312;0;653;1570;6330447;0
438;312;0;654;1570;6330454;0
441;311;0;654;1560;6330461;0
443;311;0;660;1560;6330468;0
445;310;0;656;1560;6330475;0
447;310;0;656;1560;6330482;0
449;309;0;657;1560;6330489;0
451;309;0;660;1570;6330496;0
453;308;0;657;1570;6330503;0
455;307;0;657;1570;6330510;0
458;307;0;658;1570;6330517;0
460;306;0;658;1570;6330524;0
463;306;0;660;1580;6330531;0
466;305;0;660;1580;6330538;0
469;304;0;660;1580;6330545;0
472;304;0;660;1600;6330552;0
475;303;0;661;1600;6330559;0
477;303;0;663;1590;6330566;0
480;302;0;662;1600;6330573;0
483;301;0;661;1600;6330581;0
486;301;0;664;1600;6330588;0
488;300;0;663;1600;6330595;0
491;300;0;668;1600;6330602;0
493;299;0;664;1610;6330609;0
496;299;0;664;1610;6330616;0
499;298;0;664;1610;6330623;0
502;297;0;665;1610;6330630;0
506;297;0;663;1630;6330637;0
509;296;0;664;1620;6330644;0
512;295;0;665;1620;6330651;0
516;295;0;666;1620;6330658;0
519;294;0;665;1620;6330665;0
522;293;0;666;1620;6330672;0
525;293;0;668;1620;6330679;0
528;292;0;669;1610;6330686;0
531;291;0;669;1610;6330693;0
534;291;0;673;1610;6330700;0
537;290;0;669;1620;6330707;0
539;289;0;671;1630;6330714;0
542;288;0;673;1620;6330721;0
544;287;0;673;1620;6330728;0
546;286;0;675;1630;6330735;0
548;285;0;675;1630;6330742;0
550;284;0;675;1630;6330749;0
552;283;0;676;1630;6330756;0
554;282;0;675;1630;6330764;0
556;281;0;677;1640;6330771;0
559;280;0;675;1640;6330778;0
561;279;0;676;1640;6330785;0
563;278;0;677;1640;6330792;0
566;277;0;678;1640;6330799;0
568;276;0;675;1640;6330806;0
571;275;0;676;1660;6330813;0
574;273;0;677;1660;6330820;0
577;272;0;677;1660;6330827;0
579;271;0;678;1660;6330834;0
581;269;0;678;1650;6330841;0
583;268;0;679;1640;6330848;0
585;266;0;680;1640;6330855;0
586;265;0;681;1640;6330862;0
588;263;0;681;1640;6330869;0
589;262;0;682;1640;6330876;0
591;260;0;683;1640;6330883;0
592;259;0;683;1650;6330890;0
594;257;0;682;1640;6330897;0
596;256;0;684;1650;6330904;0
598;254;0;683;1630;6330911;0
600;253;0;686;1630;6330918;0
603;252;0;682;1620;6330925;0
606;250;0;683;1620;6330932;0
609;249;0;683;1620;6330939;0
612;248;0;682;1640;6330947;0
614;247;0;682;1640;6330954;0
616;245;0;682;1650;6330961;0
619;244;0;682;1660;6330968;0
620;242;0;684;1660;6330975;0
622;241;0;685;1670;6330982;0
623;239;0;686;1670;6330989;0
624;237;0;687;1670;6330996;0
625;235;0;687;1670;6331003;0
626;233;0;689;1670;6331010;0
626;231;0;690;1670;6331017;0
627;229;0;690;1670;6331024;0
628;228;0;690;1670;6331031;0
628;226;0;690;1670;6331038;0
629;224;0;690;1670;6331045;0
630;222;0;690;1670;6331052;0
630;221;0;693;1670;6331059;0
631;219;0;690;1670;6331066;0
632;217;0;690;1660;6331073;0
632;215;0;690;1670;6331080;0
633;214;0;690;1660;6331087;0
634;212;0;690;1650;6331094;0
635;210;0;690;1670;6331101;0
635;208;0;690;1650;6331108;0
636;207;0;690;1650;6331115;0
636;205;0;689;1660;6331122;0
637;203;0;690;1660;6331129;0
637;201;0;691;1660;6331137;0
637;199;0;691;1660;6331144;0
637;197;0;693;1660;6331151;0
637;195;0;693;1670;6331158;0
637;193;0;675;1670;6331165;0
636;191;0;703;1670;6331172;0
636;189;0;705;1670;6331179;0
635;187;0;703;1670;6331186;0
635;185;0;705;1670;6331193;0
635;183;0;706;1670;6331200;0
634;181;0;707;1670;6331207;0
634;179;0;706;1670;6331214;0
634;177;0;710;1660;6331221;0
633;175;0;708;1670;6331228;0
633;173;0;708;1670;6331235;0
633;171;0;707;1670;6331242;0
632;169;0;708;1680;6331249;0
631;167;0;708;1680;6331256;0
631;165;0;708;1670;6331263;0
630;162;0;707;1670;6331270;0
629;160;0;708;1670;6331277;0
628;158;0;708;1670;6331284;0
627;156;0;708;1670;6331291;0
626;154;0;707;1670;6331298;0
625;152;0;708;1670;6331305;0
623;150;0;709;1690;6331312;0
622;148;0;708;1670;6331320;0
621;146;0;706;1670;6331327;0
619;143;0;707;1650;6331334;0
617;141;0;706;1640;6331341;0
614;138;0;705;1620;6331348;0
611;136;0;705;1630;6331355;0
607;134;0;706;1630;6331362;0
604;131;0;706;1650;6331369;0
600;129;0;702;1650;6331376;0
596;126;0;701;1660;6331383;0
592;124;0;700;1660;6331390;0
589;122;0;701;1660;6331397;0
585;120;0;700;1640;6331404;0
581;118;0;702;1650;6331411;0
578;115;0;701;1640;6331418;0
574;113;0;705;1660;6331425;0
570;111;0;699;1660;6331432;0
566;109;0;699;1660;6331439;0
562;107;0;699;1660;6331446;0
557;105;0;697;1660;6331453;0
553;103;0;700;1660;6331460;0
549;102;0;695;1660;6331467;0
545;100;0;696;1660;6331474;0
541;98;0;694;1660;6331481;0
537;96;0;693;1650;6331488;0
533;94;0;694;1650;6331495;0
530;93;0;694;1640;6331503;0
526;91;0;693;1630;6331510;0
523;89;0;697;1630;6331517;0
520;87;0;693;1620;6331524;0
517;86;0;693;1630;6331531;0
514;84;0;693;1630;6331538;0
511;82;0;691;1620;6331545;0
507;81;0;693;1620;6331552;0
503;79;0;691;1620;6331559;0
499;78;0;690;1620;6331566;0
495;77;0;689;1610;6331573;0
491;76;0;693;1590;6331580;0
487;75;0;690;1600;6331587;0
483;74;0;688;1610;6331594;0
479;73;0;690;1620;6331601;0
476;72;0;687;1650;6331608;0
474;72;0;687;1650;6331615;0
471;71;0;688;1640;6331622;0
468;71;0;688;1650;6331629;0
466;70;0;687;1640;6331636;0
462;70;0;687;1640;6331643;0
459;69;0;687;1640;6331650;0
456;69;0;687;1650;6331657;0
452;68;0;687;1640;6331664;0
448;68;0;687;1640;6331671;0
444;67;0;686;1650;6331678;0
439;66;0;686;1640;6331685;0
435;66;0;687;1640;6331693;0
431;65;0;688;1640;6331700;0
427;65;0;686;1640;6331707;0
424;64;0;686;1640;6331714;0
421;64;0;687;1640;6331721;0
418;63;0;687;1640;6331728;0
416;63;0;687;1640;6331735;0
414;62;0;686;1650;6331742;0
413;62;0;686;1650;6331749;0
412;62;0;687;1650;6331756;0
411;61;0;688;1650;6331763;0
410;61;0;688;1650;6331770;0
409;61;0;693;1660;6331777;0
408;60;0;687;1650;6331784;0
407;59;0;691;1660;6331791;0
406;59;0;690;1660;6331798;0
405;59;0;690;1660;6331805;0
403;58;0;689;1660;6331812;0
401;58;0;689;1650;6331819;0
399;57;0;689;1630;6331826;0
397;57;0;689;1620;6331833;0
395;57;0;687;1620;6331840;0
392;56;0;690;1600;6331847;0
390;56;0;687;1620;6331854;0
387;56;0;687;1620;6331861;0
384;56;0;686;1600;6331868;0
382;56;0;686;1610;6331876;0
379;56;0;686;1590;6331883;0
377;56;0;683;1610;6331890;0
374;56;0;684;1610;6331897;0
372;56;0;682;1610;6331904;0
370;57;0;681;1620;6331911;0
368;57;0;682;1600;6331918;0
365;57;0;681;1600;6331925;0
363;58;0;681;1640;6331932;0
360;58;0;681;1630;6331939;0
357;59;0;681;1610;6331946;0
353;59;0;681;1590;6331953;0
348;60;0;686;1560;6331960;0
343;61;0;682;1550;6331967;0
337;61;0;681;1540;6331974;0
331;62;0;681;1540;6331981;0
325;62;0;681;1510;6331988;0
319;63;0;682;1530;6331995;0
312;64;0;682;1550;6332002;0
307;64;0;685;1530;6332009;0
301;65;0;682;1540;6332016;0
295;65;0;681;1510;6332023;0
290;65;0;681;1490;6332030;0
285;66;0;686;1480;6332037;0
281;67;0;682;1460;6332044;0
277;67;0;684;1470;6332051;0
273;68;0;681;1460;6332059;0
269;68;0;682;1460;6332066;0
265;69;0;686;1460;6332073;0
260;69;0;684;1450;6332080;0
256;70;0;675;1450;6332087;0
252;71;0;683;1440;6332094;0
248;71;0;683;1440;6332101;0
244;72;0;681;1420;6332108;0
240;73;0;683;1410;6332115;0
236;73;0;682;1400;6332122;0
233;74;0;681;1380;6332129;0
230;75;0;685;1370;6332136;0
228;75;0;681;1350;6332143;0
225;76;0;681;1340;6332150;0
223;77;0;680;1330;6332157;0
220;78;0;680;1300;6332164;0
218;78;0;679;1360;6332171;0
215;79;0;678;1420;6332178;0
212;80;0;678;1460;6332185;0
209;81;0;679;1530;6332192;0
207;82;0;681;1510;6332199;0
204;83;0;680;1510;6332206;0
201;84;0;680;1510;6332213;0
197;85;0;681;1510;6332220;0
194;86;0;679;1510;6332227;0
189;87;0;681;1510;6332234;0
185;88;0;682;1510;6332241;0
181;89;0;681;1510;6332249;0
177;90;0;683;1510;6332256;0
175;91;0;683;1540;6332263;0
172;91;0;683;1560;6332270;0
169;92;0;682;1590;6332277;0
165;93;0;684;1610;6332284;0
161;94;0;683;1630;6332291;0
157;95;0;684;1710;6332298;0
154;96;0;684;1580;6332305;0
151;97;0;684;1470;6332312;0
147;98;0;686;1390;6332319;0
145;99;0;684;1340;6332326;0
143;99;0;683;1360;6332333;0
142;100;0;684;1380;6332340;0
142;101;0;684;1410;6332347;0
141;102;0;684;1400;6332354;0
140;103;0;687;1410;6332361;0
138;105;0;687;1410;6332368;0
136;106;0;686;1400;6332375;0
133;107;0;688;1390;6332382;0
130;109;0;687;1380;6332389;0
127;110;0;686;1380;6332396;0
124;112;0;687;1370;6332403;0
122;113;0;687;1360;6332410;0
120;115;0;688;1350;6332417;0
118;117;0;688;1340;6332424;0
117;118;0;690;1340;6332432;0
116;120;0;690;1330;6332439;0
115;122;0;693;1320;6332446;0
114;123;0;693;1340;6332453;0
113;125;0;695;1360;6332460;0
113;127;0;698;1370;6332467;0
113;129;0;695;1370;6332474;0
112;131;0;696;1340;6332481;0
111;133;0;696;1320;6332488;0
109;135;0;696;1310;6332495;0
107;137;0;697;1290;6332502;0
105;139;0;702;1270;6332509;0
102;141;0;699;1240;6332516;0
100;143;0;699;1260;6332523;0
98;145;0;699;1280;6332530;0
96;147;0;699;1310;6332537;0
94;149;0;699;1350;6332544;0
92;151;0;701;1340;6332551;0
91;153;0;698;1330;6332558;0
89;155;0;699;1340;6332565;0
88;157;0;699;1330;6332572;0
86;159;0;698;1320;6332579;0
85;160;0;700;1330;6332586;0
84;162;0;698;1310;6332593;0
83;164;0;698;1310;6332600;0
83;166;0;697;1310;6332607;0
82;168;0;699;1310;6332615;0
81;170;0;697;1320;6332622;0
80;172;0;698;1300;6332629;0
80;174;0;697;1300;6332636;0
79;175;0;697;1290;6332643;0
79;177;0;696;1260;6332650;0
78;179;0;697;1260;6332657;0
78;181;0;698;1280;6332664;0
77;184;0;697;1290;6332671;0
76;186;0;696;1320;6332678;0
75;188;0;696;1340;6332685;0
74;190;0;696;1320;6332692;0
73;192;0;695;1320;6332699;0
71;194;0;695;1320;6332706;0
69;197;0;699;1310;6332713;0
68;199;0;687;1310;6332720;0
66;201;0;686;1300;6332727;0
65;202;0;690;1300;6332734;0
64;204;0;683;1300;6332741;0
62;206;0;684;1310;6332748;0
62;208;0;684;1310;6332755;0
61;210;0;683;1310;6332762;0
60;212;0;684;1310;6332769;0
60;214;0;683;1290;6332776;0
60;216;0;683;1300;6332783;0
59;218;0;684;1320;6332790;0
59;220;0;683;1310;6332797;0
59;222;0;684;1310;6332805;0
59;224;0;682;1300;6332812;0
60;226;0;681;1290;6332819;0
60;228;0;683;1300;6332826;0
60;230;0;682;1290;6332833;0
61;232;0;682;1300;6332840;0
61;234;0;682;1300;6332847;0
62;235;0;681;1300;6332854;0
62;237;0;684;1310;6332861;0
63;239;0;681;1310;6332868;0
63;241;0;683;1300;6332875;0
64;243;0;682;1280;6332882;0
64;245;0;683;1250;6332889;0
65;247;0;683;1240;6332896;0
65;249;0;683;1240;6332903;0
66;251;0;683;1230;6332910;0
67;253;0;682;1240;6332917;0
68;254;0;683;1230;6332924;0
69;256;0;684;1240;6332931;0
69;258;0;684;1240;6332938;0
70;260;0;684;1250;6332945;0
71;262;0;686;1260;6332952;0
71;264;0;684;1270;6332959;0
72;266;0;684;1260;6332966;0
73;268;0;684;1260;6332973;0
74;270;0;681;1260;6332980;0
75;273;0;682;1270;6332988;0
77;275;0;683;1270;6332995;0
78;277;0;686;1280;6333002;0
80;279;0;684;1280;6333009;0
82;281;0;684;1270;6333016;0
84;284;0;685;1280;6333023;0
86;286;0;686;1280;6333030;0
88;288;0;687;1290;6333037;0
90;291;0;687;1290;6333044;0
92;293;0;687;1270;6333051;0
94;295;0;688;1260;6333058;0
96;297;0;688;1250;6333065;0
98;299;0;689;1260;6333072;0
100;301;0;693;1280;6333079;0
103;303;0;693;1290;6333086;0
105;304;0;690;1310;6333093;0
108;306;0;690;1330;6333100;0
111;308;0;690;1350;6333107;0
114;310;0;691;1330;6333114;0
117;311;0;693;1300;6333121;0
120;313;0;691;1280;6333128;0
123;314;0;693;1270;6333135;0
125;316;0;693;1280;6333142;0
127;317;0;693;1290;6333149;0
130;319;0;696;1290;6333156;0
132;320;0;693;1300;6333163;0
134;321;0;693;1260;6333171;0
137;323;0;693;1230;6333178;0
140;324;0;693;1220;6333185;0
143;325;0;693;1190;6333192;0
146;326;0;693;1200;6333199;0
149;327;0;694;1240;6333206;0
153;328;0;694;1260;6333213;0
156;330;0;694;1300;6333220;0
159;331;0;693;1310;6333227;0
161;332;0;693;1310;6333234;0
164;333;0;694;1310;6333241;0
166;334;0;693;1290;6333248;0
168;335;0;694;1300;6333255;0
169;336;0;696;1290;6333262;0
171;338;0;696;1280;6333269;0
173;339;0;695;1270;6333276;0
174;340;0;695;1250;6333283;0
176;342;0;695;1250;6333290;0
178;344;0;696;1270;6333297;0
180;345;0;695;1260;6333304;0
182;347;0;696;1270;6333311;0
184;348;0;696;1280;6333318;0
186;349;0;696;1290;6333325;0
188;350;0;696;1280;6333332;0
190;351;0;696;1290;6333339;0
192;352;0;699;1280;6333346;0
194;353;0;697;1270;6333353;0
195;354;0;698;1260;6333361;0
197;355;0;699;1240;6333368;0
199;356;0;700;1230;6333375;0
202;357;0;699;1220;6333382;0
204;358;0;699;1210;6333389;0
205;359;0;697;1210;6333396;0
207;360;0;703;1200;6333403;0
208;362;0;699;1210;6333410;0
210;363;0;702;1220;6333417;0
212;364;0;702;1250;6333424;0
214;365;0;699;1270;6333431;0
216;365;0;699;1300;6333438;0
217;366;0;699;1300;6333445;0
219;367;0;699;1300;6333452;0
220;368;0;699;1310;6333459;0
222;369;0;699;1310;6333466;0
223;370;0;700;1310;6333473;0
224;370;0;700;1300;6333480;0
226;371;0;700;1290;6333487;0
227;372;0;701;1280;6333494;0
228;373;0;699;1280;6333501;0
230;373;0;701;1280;6333508;0
231;374;0;701;1260;6333515;0
233;375;0;700;1250;6333522;0
234;375;0;706;1250;6333529;0
236;376;0;705;1250;6333536;0
238;376;0;702;1250;6333544;0
240;377;0;702;1240;6333551;0
242;377;0;702;1230;6333558;0
244;378;0;703;1230;6333565;0
246;379;0;702;1230;6333572;0
248;379;0;702;1210;6333579;0
250;380;0;702;1220;6333586;0
252;381;0;702;1230;6333593;0
254;382;0;702;1230;6333600;0
256;383;0;703;1230;6333607;0
258;384;0;701;1230;6333614;0
261;385;0;703;1220;6333621;0
263;386;0;703;1210;6333628;0
266;387;0;708;1210;6333635;0
269;388;0;703;1210;6333642;0
271;389;0;707;1220;6333649;0
274;390;0;705;1220;6333656;0
278;391;0;704;1200;6333663;0
281;392;0;707;1200;6333670;0
284;393;0;705;1170;6333677;0
287;393;0;705;1170;6333684;0
290;394;0;706;1160;6333691;0
294;395;0;705;1160;6333698;0
297;396;0;706;1170;6333705;0
300;396;0;706;1180;6333712;0
304;397;0;708;1200;6333719;0
307;397;0;707;1210;6333727;0
310;398;0;707;1230;6333734;0
312;398;0;706;1250;6333741;0
314;399;0;708;1240;6333748;0
317;399;0;708;1250;6333755;0
319;400;0;710;1260;6333762;0
321;400;0;708;1250;6333769;0
322;400;0;707;1250;6333776;0
324;400;0;711;1240;6333783;0
326;400;0;711;1250;6333790;0
328;400;0;708;1250;6333797;0
329;401;0;710;1260;6333804;0
331;401;0;710;1270;6333811;0
333;401;0;710;1270;6333818;0
334;401;0;710;1270;6333825;0
336;401;0;714;1250;6333832;0
337;400;0;710;1270;6333839;0
338;400;0;710;1270;6333846;0
340;400;0;710;1270;6333853;0
341;400;0;711;1280;6333860;0
343;400;0;712;1270;6333867;0
344;399;0;712;1280;6333874;0
346;399;0;712;1280;6333881;0
347;399;0;714;1280;6333888;0
349;398;0;713;1290;6333895;0
351;398;0;714;1270;6333902;0
353;397;0;715;1280;6333909;0
356;396;0;714;1300;6333917;0
359;396;0;714;1300;6333924;0
362;395;0;714;1310;6333931;0
365;394;0;714;1310;6333938;0
369;393;0;714;1310;6333945;0
372;392;0;713;1320;6333952;0
375;391;0;713;1330;6333959;0
378;390;0;715;1340;6333966;0
382;389;0;715;1360;6333973;0
385;388;0;716;1360;6333980;0
388;387;0;714;1370;6333987;0
391;386;0;714;1370;6333994;0
395;385;0;714;1370;6334001;0
399;384;0;713;1410;6334008;0
402;383;0;715;1460;6334015;0
406;382;0;714;1490;6334022;0
410;381;0;714;1530;6334029;0
414;380;0;713;1530;6334036;0
417;379;0;712;1530;6334043;0
421;378;0;712;1530;6334050;0
424;378;0;714;1530;6334057;0
428;377;0;713;1540;6334064;0
431;376;0;713;1540;6334071;0
434;375;0;713;1540;6334078;0
437;374;0;713;1540;6334085;0
441;373;0;714;1540;6334092;0
444;372;0;714;1540;6334100;0
447;371;0;714;1530;6334107;0
451;370;0;713;1540;6334114;0
455;368;0;714;1550;6334121;0
459;367;0;712;1550;6334128;0
464;365;0;713;1560;6334135;0
469;364;0;712;1550;6334142;0
474;362;0;711;1560;6334149;0
479;360;0;711;1560;6334156;0
485;359;0;712;1570;6334163;0
490;357;0;714;1570;6334170;0
495;355;0;711;1570;6334177;0
500;353;0;711;1580;6334184;0
504;352;0;711;1580;6334191;0
509;350;0;711;1570;6334198;0
514;349;0;712;1570;6334205;0
519;348;0;712;1570;6334212;0
525;346;0;715;1580;6334219;0
532;345;0;712;1590;6334226;0
538;343;0;714;1580;6334233;0
545;342;0;716;1580;6334240;0
551;340;0;713;1590;6334247;0
558;339;0;714;1570;6334254;0
565;337;0;713;1570;6334261;0
573;336;0;714;1580;6334268;0
580;335;0;714;1570;6334275;0
587;333;0;715;1570;6334283;0
593;332;0;717;1570;6334290;0
600;330;0;717;1570;6334297;0
606;329;0;717;1570;6334304;0
612;328;0;718;1570;6334311;0
619;326;0;719;1570;6334318;0
626;325;0;719;1570;6334325;0
634;323;0;720;1570;6334332;0
641;322;0;721;1580;6334339;0
649;320;0;721;1580;6334346;0
657;319;0;724;1590;6334353;0
664;317;0;723;1620;6334360;0
671;316;0;726;1610;6334367;0
677;314;0;724;1610;6334374;0
682;312;0;726;1600;6334381;0
687;311;0;726;1590;6334388;0
690;309;0;729;1590;6334395;0
694;307;0;729;1590;6334402;0
696;306;0;730;1580;6334409;0
699;304;0;733;1580;6334416;0
701;302;0;735;1580;6334423;0
703;300;0;735;1590;6334430;0
705;299;0;736;1590;6334437;0
707;297;0;735;1590;6334444;0
709;295;0;736;1580;6334451;0
711;293;0;738;1580;6334458;0
713;291;0;738;1570;6334466;0
715;290;0;736;1550;6334473;0
717;288;0;736;1540;6334480;0
718;286;0;740;1550;6334487;0
720;285;0;740;1540;6334494;0
721;283;0;741;1540;6334501;0
722;281;0;742;1560;6334508;0
723;279;0;743;1550;6334515;0
724;278;0;743;1570;6334522;0
725;276;0;745;1570;6334529;0
726;275;0;745;1580;6334536;0
726;273;0;746;1590;6334543;0
727;271;0;747;1590;6334550;0
727;270;0;747;1590;6334557;0
728;268;0;746;1580;6334564;0
728;266;0;745;1590;6334571;0
729;265;0;745;1590;6334578;0
730;263;0;745;1590;6334585;0
732;261;0;745;1600;6334592;0
734;259;0;743;1590;6334599;0
735;257;0;745;1600;6334606;0
737;255;0;745;1600;6334613;0
739;254;0;745;1600;6334620;0
740;252;0;747;1610;6334627;0
742;250;0;748;1610;6334634;0
743;248;0;748;1620;6334641;0
744;246;0;754;1610;6334648;0
744;244;0;751;1620;6334656;0
744;242;0;753;1610;6334663;0
744;239;0;753;1600;6334670;0
744;238;0;753;1600;6334677;0
744;236;0;754;1600;6334684;0
745;234;0;753;1600;6334691;0
745;232;0;754;1620;6334698;0
747;230;0;752;1620;6334705;0
748;229;0;754;1620;6334712;0
750;227;0;751;1640;6334719;0
753;225;0;753;1640;6334726;0
756;223;0;749;1650;6334733;0
760;222;0;748;1630;6334740;0
763;220;0;748;1640;6334747;0
766;218;0;753;1650;6334754;0
769;217;0;749;1640;6334761;0
770;215;0;755;1640;6334768;0
771;213;0;754;1630;6334775;0
771;211;0;754;1620;6334782;0
771;209;0;756;1620;6334789;0
769;207;0;757;1600;6334796;0
766;206;0;757;1620;6334803;0
764;204;0;757;1620;6334810;0
761;202;0;757;1600;6334817;0
759;201;0;757;1600;6334824;0
757;200;0;757;1600;6334831;0
756;200;0;759;1610;6334839;0
756;199;0;759;1610;6334846;0
755;199;0;757;1620;6334853;0
755;199;0;757;1620;6334860;0
756;199;0;755;1620;6334867;0
757;198;0;751;1620;6334874;0
759;198;0;751;1620;6334881;0
760;198;0;748;1600;6334888;0
761;198;0;747;1600;6334895;0
762;198;0;744;1580;6334902;0
762;198;0;743;1580;6334909;0
763;198;0;742;1580;6334916;0
763;198;0;741;1590;6334923;0
764;198;0;739;1590;6334930;0
764;199;0;739;1590;6334937;0
764;199;0;738;1590;6334944;0
763;200;0;735;1590;6334951;0
763;200;0;719;1590;6334958;0
763;201;0;713;1600;6334965;0
764;202;0;693;1610;6334972;0
765;204;0;653;1610;6334979;0
767;205;0;581;1630;6334986;0
769;205;0;350;1600;6334993;0
371;200;0;19;1560;6347666;1
371;200;0;33;1570;6347673;1
372;200;0;41;1570;6347680;1
372;200;0;52;1560;6347687;1
372;199;0;66;1570;6347694;1
372;199;0;80;1560;6347701;1
372;199;0;105;1560;6347708;1
372;199;0;123;1570;6347715;1
373;199;0;128;1570;6347722;1
374;199;0;128;1590;6347729;1
375;199;0;129;1580;6347737;1
376;200;0;113;1590;6347744;1
377;200;0;71;1580;6347751;1
371;200;0;40;1570;6347826;1
367;201;0;72;1570;6347833;1
367;201;0;97;1570;6347840;1
366;201;0;116;1570;6347847;1
366;201;0;132;1570;6347854;1
366;201;0;142;1570;6347861;1
366;200;0;153;1580;6347868;1
367;200;0;159;1570;6347875;1
368;200;0;165;1570;6347882;1
369;200;0;172;1570;6347889;1
369;200;0;183;1570;6347896;1
370;199;0;202;1570;6347904;1
370;199;0;220;1570;6347911;1
371;199;0;243;1570;6347918;1
371;199;0;268;1570;6347925;1
372;199;0;288;1570;6347932;1
373;199;0;305;1570;6347939;1
373;199;0;320;1570;6347946;1
373;199;0;333;1570;6347953;1
373;199;0;342;1560;6347960;1
374;199;0;349;1570;6347967;1
374;199;0;360;1570;6347974;1
374;199;0;378;1570;6347981;1
374;198;0;389;1570;6347988;1
373;198;0;397;1580;6347995;1
373;198;0;407;1580;6348002;1
373;198;0;421;1580;6348009;1
373;198;0;437;1590;6348016;1
373;198;0;453;1600;6348023;1
373;198;0;464;1590;6348030;1
373;198;0;466;1590;6348037;1
373;198;0;468;1590;6348044;1
372;198;0;470;1590;6348051;1
372;198;0;474;1590;6348058;1
372;198;0;478;1590;6348065;1
372;198;0;481;1590;6348072;1
372;199;0;483;1580;6348079;1
372;199;0;484;1580;6348087;1
371;199;0;487;1580;6348094;1
370;199;0;489;1570;6348101;1
369;199;0;493;1560;6348108;1
368;200;0;497;1570;6348115;1
366;200;0;503;1560;6348122;1
365;200;0;511;1570;6348129;1
365;200;0;518;1570;6348136;1
364;200;0;528;1570;6348143;1
364;200;0;540;1560;6348150;1
364;200;0;555;1570;6348157;1
364;200;0;567;1560;6348164;1
364;199;0;574;1560;6348171;1
365;199;0;580;1560;6348178;1
366;199;0;584;1560;6348185;1
366;199;0;588;1570;6348192;1
367;199;0;590;1570;6348199;1
367;199;0;590;1570;6348206;1
367;199;0;592;1570;6348213;1
367;199;0;594;1580;6348220;1
367;199;0;594;1580;6348227;1
367;199;0;595;1570;6348234;1
367;199;0;599;1570;6348241;1
366;199;0;596;1560;6348248;1
366;199;0;598;1570;6348255;1
365;199;0;598;1560;6348262;1
365;199;0;600;1570;6348270;1
365;199;0;602;1560;6348277;1
365;199;0;607;1550;6348284;1
364;199;0;610;1550;6348291;1
364;199;0;614;1560;6348298;1
364;199;0;618;1560;6348305;1
364;199;0;615;1570;6348312;1
364;199;0;628;1570;6348319;1
364;199;0;635;1580;6348326;1
364;199;0;643;1580;6348333;1
364;199;0;648;1570;6348340;1
364;199;0;650;1570;6348347;1
364;199;0;653;1560;6348354;1
364;199;0;656;1570;6348361;1
364;199;0;657;1560;6348368;1
364;199;0;663;1560;6348375;1
364;199;0;660;1570;6348382;1
364;199;0;663;1570;6348389;1
364;199;0;666;1560;6348396;1
364;199;0;670;1570;6348403;1
364;199;0;672;1560;6348410;1
364;199;0;675;1570;6348417;1
364;199;0;675;1570;6348424;1
364;199;0;678;1580;6348431;1
364;199;0;678;1590;6348438;1
364;199;0;682;1580;6348445;1
364;199;0;687;1580;6348452;1
364;199;0;684;1570;6348460;1
364;199;0;688;1580;6348467;1
364;198;0;689;1580;6348474;1
364;198;0;691;1580;6348481;1
364;198;0;693;1580;6348488;1
364;198;0;695;1580;6348495;1
364;198;0;696;1580;6348502;1
364;198;0;697;1580;6348509;1
364;198;0;699;1580;6348516;1
364;198;0;700;1580;6348523;1
364;198;0;701;1590;6348530;1
364;198;0;701;1580;6348537;1
364;198;0;701;1570;6348544;1
363;198;0;701;1580;6348551;1
363;198;0;703;1580;6348558;1
363;198;0;703;1580;6348565;1
363;198;0;701;1580;6348572;1
363;198;0;701;1580;6348579;1
363;198;0;702;1580;6348586;1
363;198;0;702;1580;6348593;1
362;198;0;709;1580;6348600;1
362;198;0;705;1570;6348607;1
362;198;0;706;1560;6348614;1
362;198;0;706;1560;6348621;1
362;198;0;707;1570;6348628;1
361;199;0;711;1570;6348635;1
360;199;0;707;1580;6348643;1
359;199;0;708;1570;6348650;1
359;199;0;708;1570;6348657;1
357;199;0;708;1560;6348664;1
356;199;0;709;1560;6348671;1
355;199;0;709;1550;6348678;1
354;199;0;708;1560;6348685;1
353;199;0;714;1560;6348692;1
352;199;0;711;1550;6348699;1
351;199;0;714;1570;6348706;1
351;199;0;715;1570;6348713;1
350;199;0;711;1560;6348720;1
350;199;0;713;1560;6348727;1
349;199;0;713;1560;6348734;1
349;199;0;714;1560;6348741;1
349;199;0;716;1570;6348748;1
349;199;0;717;1560;6348755;1
349;199;0;718;1570;6348762;1
349;199;0;720;1570;6348769;1
349;198;0;722;1570;6348776;1
349;198;0;723;1570;6348783;1
349;198;0;729;1570;6348790;1
349;198;0;726;1570;6348797;1
349;198;0;727;1570;6348804;1
349;198;0;726;1570;6348811;1
348;198;0;727;1550;6348818;1
348;198;0;726;1550;6348826;1
347;198;0;729;1550;6348833;1
347;198;0;726;1560;6348840;1
346;199;0;726;1550;6348847;1
345;199;0;730;1550;6348854;1
344;199;0;730;1550;6348861;1
343;199;0;727;1550;6348868;1
343;200;0;727;1530;6348875;1
342;200;0;726;1530;6348882;1
341;201;0;726;1530;6348889;1
340;201;0;726;1530;6348896;1
339;202;0;726;1530;6348903;1
339;202;0;727;1540;6348910;1
338;203;0;727;1540;6348917;1
338;204;0;726;1540;6348924;1
337;205;0;726;1550;6348931;1
336;206;0;727;1550;6348938;1
335;206;0;728;1540;6348945;1
334;207;0;728;1540;6348952;1
332;208;0;729;1530;6348959;1
330;209;0;729;1530;6348966;1
328;210;0;729;1530;6348973;1
327;210;0;729;1540;6348980;1
325;211;0;729;1540;6348987;1
323;211;0;729;1530;6348994;1
321;212;0;733;1530;6349001;1
320;212;0;729;1540;6349009;1
319;213;0;729;1540;6349016;1
319;214;0;728;1540;6349023;1
318;214;0;729;1530;6349030;1
318;215;0;727;1540;6349037;1
318;216;0;728;1540;6349044;1
319;216;0;728;1550;6349051;1
319;217;0;727;1550;6349058;1
320;218;0;727;1560;6349065;1
321;218;0;727;1570;6349072;1
321;219;0;727;1550;6349079;1
322;220;0;727;1560;6349086;1
322;221;0;727;1550;6349093;1
323;222;0;727;1560;6349100;1
324;222;0;727;1560;6349107;1
324;223;0;728;1560;6349114;1
325;224;0;727;1560;6349121;1
325;225;0;728;1560;6349128;1
325;226;0;728;1570;6349135;1
326;226;0;728;1570;6349142;1
326;227;0;728;1560;6349149;1
326;229;0;728;1570;6349156;1
327;230;0;728;1560;6349163;1
328;231;0;729;1560;6349170;1
328;232;0;732;1560;6349177;1
329;233;0;728;1560;6349184;1
329;234;0;728;1550;6349191;1
330;235;0;729;1550;6349199;1
330;236;0;729;1550;6349206;1
330;237;0;729;1550;6349213;1
330;238;0;729;1550;6349220;1
330;239;0;729;1540;6349227;1
330;239;0;729;1530;6349234;1
330;240;0;730;1540;6349241;1
330;241;0;729;1530;6349248;1
330;241;0;730;1540;6349255;1
329;242;0;734;1530;6349262;1
329;242;0;734;1530;6349269;1
329;242;0;730;1530;6349276;1
329;243;0;729;1520;6349283;1
330;243;0;730;1530;6349290;1
330;243;0;732;1520;6349297;1
332;244;0;731;1520;6349304;1
333;244;0;731;1530;6349311;1
336;244;0;731;1530;6349318;1
338;244;0;731;1530;6349325;1
341;244;0;732;1550;6349332;1
345;244;0;732;1540;6349339;1
348;244;0;732;1540;6349346;1
351;244;0;732;1540;6349353;1
353;245;0;732;1540;6349360;1
356;245;0;731;1540;6349367;1
358;245;0;735;1540;6349374;1
359;246;0;735;1530;6349382;1
360;246;0;732;1540;6349389;1
361;247;0;730;1540;6349396;1
362;247;0;729;1550;6349403;1
363;247;0;727;1550;6349410;1
364;248;0;726;1530;6349417;1
365;248;0;726;1540;6349424;1
366;249;0;723;1530;6349431;1
367;249;0;723;1530;6349438;1
368;249;0;722;1530;6349445;1
370;250;0;723;1520;6349452;1
371;250;0;722;1510;6349459;1
373;250;0;723;1510;6349466;1
374;250;0;723;1510;6349473;1
375;251;0;723;1520;6349480;1
376;251;0;726;1530;6349487;1
377;251;0;726;1530;6349494;1
378;252;0;720;1530;6349501;1
378;252;0;721;1530;6349508;1
379;253;0;720;1530;6349515;1
380;253;0;720;1530;6349522;1
380;254;0;720;1530;6349529;1
381;254;0;720;1530;6349536;1
382;255;0;720;1530;6349543;1
384;255;0;720;1540;6349550;1
385;255;0;720;1530;6349557;1
387;256;0;720;1540;6349565;1
389;256;0;720;1530;6349572;1
391;257;0;720;1540;6349579;1
394;257;0;720;1540;6349586;1
396;257;0;720;1560;6349593;1
400;257;0;719;1590;6349600;1
402;257;0;720;1610;6349607;1
406;257;0;720;1620;6349614;1
409;257;0;720;1630;6349621;1
411;257;0;724;1640;6349628;1
413;257;0;723;1640;6349635;1
415;257;0;720;1640;6349642;1
416;257;0;721;1640;6349649;1
418;257;0;720;1640;6349656;1
419;257;0;720;1640;6349663;1
420;257;0;720;1640;6349670;1
421;257;0;720;1640;6349677;1
422;257;0;720;1630;6349684;1
423;257;0;721;1630;6349691;1
424;257;0;720;1630;6349698;1
425;257;0;720;1630;6349705;1
426;257;0;720;1630;6349712;1
427;257;0;720;1630;6349719;1
428;257;0;723;1650;6349726;1
429;258;0;718;1630;6349733;1
429;258;0;715;1640;6349740;1
429;258;0;715;1640;6349747;1
430;258;0;714;1640;6349755;1
431;258;0;714;1630;6349762;1
431;258;0;712;1630;6349769;1
432;258;0;708;1630;6349776;1
433;258;0;705;1630;6349783;1
433;258;0;705;1640;6349790;1
434;258;0;704;1650;6349797;1
435;258;0;703;1650;6349804;1
436;258;0;703;1650;6349811;1
438;258;0;703;1650;6349818;1
439;258;0;703;1650;6349825;1
441;258;0;702;1650;6349832;1
443;257;0;703;1650;6349839;1
445;257;0;702;1650;6349846;1
447;257;0;706;1650;6349853;1
449;257;0;701;1650;6349860;1
451;256;0;702;1650;6349867;1
453;256;0;701;1650;6349874;1
454;255;0;702;1650;6349881;1
456;255;0;700;1650;6349888;1
457;254;0;704;1630;6349895;1
458;254;0;702;1650;6349902;1
458;253;0;702;1650;6349909;1
459;252;0;702;1650;6349916;1
459;252;0;702;1650;6349923;1
460;251;0;703;1630;6349930;1
460;250;0;703;1650;6349938;1
461;250;0;703;1650;6349945;1
461;249;0;703;1650;6349952;1
462;248;0;703;1650;6349959;1
463;247;0;705;1660;6349966;1
463;247;0;703;1670;6349973;1
464;246;0;703;1670;6349980;1
465;245;0;707;1670;6349987;1
467;243;0;705;1670;6349994;1
468;242;0;704;1670;6350001;1
470;241;0;705;1670;6350008;1
471;239;0;704;1670;6350015;1
473;237;0;705;1670;6350022;1
474;236;0;705;1670;6350029;1
475;234;0;707;1670;6350036;1
477;232;0;710;1670;6350043;1
478;231;0;712;1670;6350050;1
479;229;0;712;1680;6350057;1
480;228;0;712;1670;6350064;1
482;226;0;712;1670;6350071;1
483;225;0;713;1680;6350078;1
484;223;0;712;1680;6350085;1
484;222;0;714;1680;6350092;1
485;220;0;714;1680;6350099;1
485;218;0;714;1680;6350106;1
485;216;0;714;1680;6350113;1
485;214;0;713;1680;6350121;1
485;212;0;712;1680;6350128;1
484;210;0;705;1660;6350135;1
484;208;0;712;1670;6350142;1
484;206;0;711;1670;6350149;1
484;205;0;711;1670;6350156;1
484;203;0;710;1670;6350163;1
484;201;0;710;1670;6350170;1
485;200;0;710;1660;6350177;1
485;198;0;708;1660;6350184;1
485;196;0;713;1670;6350191;1
484;194;0;708;1690;6350198;1
484;192;0;687;1690;6350205;1
483;191;0;726;1690;6350212;1
482;189;0;721;1690;6350219;1
482;187;0;723;1680;6350226;1
481;185;0;723;1680;6350233;1
481;183;0;723;1680;6350240;1
481;181;0;723;1680;6350247;1
481;179;0;724;1690;6350254;1
480;178;0;724;1690;6350261;1
480;176;0;724;1690;6350268;1
480;175;0;726;1690;6350275;1
481;173;0;724;1700;6350282;1
482;172;0;726;1690;6350289;1
482;171;0;726;1690;6350296;1
483;170;0;723;1690;6350303;1
483;169;0;724;1700;6350311;1
483;168;0;724;1700;6350318;1
484;167;0;724;1700;6350325;1
484;166;0;726;1700;6350332;1
485;165;0;724;1700;6350339;1
485;165;0;727;1700;6350346;1
485;164;0;723;1700;6350353;1
486;164;0;724;1700;6350360;1
486;163;0;726;1700;6350367;1
486;163;0;723;1700;6350374;1
487;163;0;726;1690;6350381;1
487;162;0;721;1700;6350388;1
487;162;0;724;1690;6350395;1
487;162;0;723;1700;6350402;1
487;162;0;724;1690;6350409;1
487;162;0;724;1690;6350416;1
487;161;0;724;1700;6350423;1
487;161;0;724;1690;6350430;1
487;161;0;724;1690;6350437;1
487;160;0;726;1690;6350444;1
486;160;0;726;1690;6350451;1
485;160;0;723;1690;6350458;1
484;160;0;726;1690;6350465;1
482;159;0;723;1690;6350472;1
481;159;0;723;1690;6350479;1
480;159;0;723;1690;6350486;1
480;158;0;723;1690;6350494;1
479;158;0;723;1690;6350501;1
478;158;0;723;1690;6350508;1
478;157;0;727;1690;6350515;1
477;157;0;723;1690;6350522;1
477;157;0;723;1690;6350529;1
477;156;0;724;1710;6350536;1
476;156;0;723;1690;6350543;1
476;156;0;727;1700;6350550;1
475;155;0;724;1690;6350557;1
475;155;0;726;1690;6350564;1
475;155;0;724;1690;6350571;1
475;155;0;723;1690;6350578;1
474;155;0;724;1690;6350585;1
474;154;0;726;1690;6350592;1
474;154;0;724;1690;6350599;1
474;154;0;723;1690;6350606;1
474;154;0;724;1690;6350613;1
474;154;0;723;1690;6350620;1
473;154;0;723;1690;6350627;1
473;154;0;726;1690;6350634;1
473;154;0;723;1690;6350641;1
473;154;0;722;1690;6350648;1
472;154;0;722;1690;6350655;1
472;153;0;722;1690;6350662;1
472;153;0;724;1690;6350669;1
472;153;0;726;1690;6350677;1
472;153;0;723;1700;6350684;1
472;153;0;723;1700;6350691;1
472;153;0;726;1700;6350698;1
471;153;0;726;1700;6350705;1
471;153;0;722;1700;6350712;1
471;152;0;724;1700;6350719;1
471;152;0;726;1700;6350726;1
470;152;0;723;1700;6350733;1
470;152;0;724;1700;6350740;1
469;152;0;723;1700;6350747;1
469;151;0;724;1700;6350754;1
469;151;0;724;1700;6350761;1
469;151;0;724;1700;6350768;1
469;151;0;723;1690;6350775;1
469;151;0;726;1700;6350782;1
468;150;0;724;1700;6350789;1
468;150;0;724;1700;6350796;1
468;150;0;723;1700;6350803;1
468;150;0;726;1700;6350810;1
468;149;0;723;1700;6350817;1
468;149;0;724;1700;6350824;1
468;149;0;723;1700;6350831;1
468;149;0;726;1700;6350838;1
468;149;0;723;1700;6350845;1
468;149;0;724;1700;6350852;1
468;149;0;723;1700;6350859;1
468;149;0;726;1700;6350867;1
468;148;0;722;1700;6350874;1
468;148;0;723;1700;6350881;1
468;148;0;722;1700;6350888;1
468;148;0;722;1700;6350895;1
468;148;0;720;1700;6350902;1
468;148;0;720;1700;6350909;1
467;148;0;719;1700;6350916;1
467;148;0;720;1700;6350923;1
467;149;0;724;1700;6350930;1
467;149;0;720;1700;6350937;1
467;149;0;721;1700;6350944;1
466;149;0;719;1700;6350951;1
466;149;0;720;1700;6350958;1
466;149;0;721;1700;6350965;1
466;149;0;721;1700;6350972;1
465;148;0;721;1700;6350979;1
465;148;0;726;1700;6350986;1
465;148;0;721;1700;6350993;1
465;147;0;721;1710;6351000;1
464;147;0;724;1710;6351007;1
464;147;0;721;1710;6351014;1
464;146;0;722;1710;6351021;1
463;146;0;722;1710;6351028;1
463;146;0;722;1710;6351035;1
463;145;0;723;1720;6351042;1
463;145;0;721;1720;6351050;1
462;144;0;726;1720;6351057;1
462;144;0;721;1710;6351064;1
461;144;0;723;1690;6351071;1
460;143;0;721;1680;6351078;1
459;143;0;722;1660;6351085;1
458;143;0;720;1660;6351092;1
456;143;0;724;1660;6351099;1
455;143;0;721;1670;6351106;1
453;143;0;722;1670;6351113;1
451;143;0;720;1680;6351120;1
450;142;0;720;1680;6351127;1
448;142;0;719;1680;6351134;1
447;142;0;720;1680;6351141;1
446;142;0;722;1680;6351148;1
445;142;0;720;1680;6351155;1
445;142;0;726;1670;6351162;1
444;142;0;720;1680;6351169;1
444;142;0;723;1680;6351176;1
444;142;0;721;1680;6351183;1
444;141;0;724;1680;6351190;1
443;141;0;721;1680;6351197;1
442;141;0;726;1680;6351204;1
442;141;0;721;1680;6351211;1
440;140;0;723;1680;6351218;1
439;140;0;722;1680;6351225;1
438;140;0;720;1670;6351233;1
437;140;0;723;1670;6351240;1
435;140;0;721;1670;6351247;1
434;140;0;722;1670;6351254;1
432;140;0;721;1680;6351261;1
431;139;0;722;1680;6351268;1
430;139;0;721;1680;6351275;1
428;138;0;722;1680;6351282;1
427;138;0;720;1670;6351289;1
425;138;0;722;1680;6351296;1
424;137;0;722;1670;6351303;1
423;137;0;723;1670;6351310;1
421;136;0;720;1690;6351317;1
420;136;0;722;1690;6351324;1
418;135;0;720;1690;6351331;1
417;135;0;720;1690;6351338;1
416;134;0;721;1690;6351345;1
414;133;0;720;1690;6351352;1
413;133;0;721;1690;6351359;1
412;132;0;722;1690;6351366;1
411;131;0;722;1700;6351373;1
409;131;0;722;1700;6351380;1
408;130;0;721;1700;6351387;1
407;129;0;721;1700;6351394;1
405;129;0;721;1690;6351401;1
403;128;0;721;1690;6351408;1
401;127;0;723;1680;6351415;1
398;127;0;721;1660;6351423;1
395;126;0;721;1660;6351430;1
391;125;0;724;1650;6351437;1
388;125;0;721;1640;6351444;1
385;124;0;720;1660;6351451;1
381;124;0;723;1640;6351458;1
379;123;0;720;1640;6351465;1
377;123;0;723;1640;6351472;1
375;122;0;721;1640;6351479;1
373;122;0;720;1650;6351486;1
371;122;0;720;1650;6351493;1
370;122;0;720;1640;6351500;1
368;121;0;720;1650;6351507;1
367;121;0;719;1640;6351514;1
366;121;0;720;1640;6351521;1
364;121;0;719;1630;6351528;1
363;121;0;719;1630;6351535;1
362;122;0;719;1620;6351542;1
360;122;0;718;1620;6351549;1
358;122;0;719;1620;6351556;1
356;122;0;718;1630;6351563;1
354;123;0;721;1630;6351570;1
352;123;0;717;1630;6351577;1
349;123;0;717;1630;6351584;1
347;123;0;720;1640;6351591;1
344;124;0;720;1630;6351598;1
342;124;0;720;1620;6351606;1
340;124;0;719;1620;6351613;1
338;125;0;719;1620;6351620;1
336;125;0;719;1620;6351627;1
335;125;0;719;1620;6351634;1
334;125;0;719;1610;6351641;1
333;126;0;719;1600;6351648;1
332;126;0;719;1600;6351655;1
331;126;0;719;1600;6351662;1
331;126;0;719;1590;6351669;1
330;126;0;719;1590;6351676;1
329;126;0;718;1580;6351683;1
328;127;0;719;1590;6351690;1
327;127;0;719;1590;6351697;1
326;127;0;721;1580;6351704;1
324;127;0;718;1580;6351711;1
323;128;0;719;1580;6351718;1
321;128;0;720;1580;6351725;1
319;128;0;719;1580;6351732;1
318;128;0;719;1580;6351739;1
316;128;0;719;1570;6351746;1
315;129;0;719;1560;6351753;1
314;129;0;718;1560;6351760;1
313;129;0;719;1560;6351767;1
312;129;0;717;1540;6351774;1
312;129;0;720;1540;6351781;1
311;130;0;717;1540;6351789;1
310;130;0;718;1520;6351796;1
308;131;0;717;1510;6351803;1
306;131;0;719;1490;6351810;1
304;132;0;717;1460;6351817;1
302;132;0;718;1450;6351824;1
300;133;0;718;1440;6351831;1
298;133;0;718;1440;6351838;1
296;134;0;718;1430;6351845;1
295;135;0;717;1420;6351852;1
294;135;0;717;1420;6351859;1
293;136;0;716;1410;6351866;1
293;137;0;715;1410;6351873;1
292;137;0;716;1400;6351880;1
292;138;0;716;1390;6351887;1
291;139;0;719;1400;6351894;1
290;140;0;716;1380;6351901;1
289;140;0;717;1390;6351908;1
288;141;0;717;1380;6351915;1
286;142;0;716;1370;6351922;1
285;143;0;717;1370;6351929;1
283;144;0;718;1360;6351936;1
281;145;0;717;1380;6351943;1
279;145;0;719;1410;6351950;1
277;146;0;719;1420;6351957;1
275;147;0;720;1450;6351964;1
273;148;0;719;1440;6351971;1
272;149;0;717;1420;6351979;1
271;149;0;718;1420;6351986;1
270;150;0;718;1400;6351993;1
270;150;0;722;1420;6352000;1
269;151;0;717;1410;6352007;1
269;151;0;720;1410;6352014;1
268;152;0;720;1420;6352021;1
268;152;0;719;1410;6352028;1
268;152;0;720;1410;6352035;1
267;153;0;721;1420;6352042;1
267;153;0;723;1400;6352049;1
266;154;0;720;1410;6352056;1
266;154;0;722;1400;6352063;1
265;154;0;723;1410;6352070;1
264;155;0;723;1410;6352077;1
264;155;0;724;1410;6352084;1
262;155;0;726;1420;6352091;1
261;156;0;729;1420;6352098;1
259;156;0;726;1410;6352105;1
258;157;0;726;1410;6352112;1
256;157;0;726;1400;6352119;1
255;158;0;728;1400;6352126;1
254;158;0;727;1400;6352133;1
253;159;0;727;1410;6352140;1
253;159;0;726;1400;6352147;1
252;159;0;729;1410;6352154;1
251;160;0;726;1420;6352162;1
251;160;0;726;1420;6352169;1
250;161;0;726;1420;6352176;1
249;162;0;726;1420;6352183;1
249;162;0;726;1400;6352190;1
248;163;0;726;1410;6352197;1
247;163;0;726;1420;6352204;1
247;164;0;726;1420;6352211;1
246;164;0;726;1420;6352218;1
246;165;0;726;1420;6352225;1
245;165;0;726;1410;6352232;1
244;166;0;726;1420;6352239;1
243;167;0;726;1420;6352246;1
242;167;0;726;1430;6352253;1
240;168;0;726;1430;6352260;1
239;169;0;728;1430;6352267;1
237;169;0;727;1430;6352274;1
235;170;0;729;1430;6352281;1
233;170;0;728;1440;6352288;1
232;171;0;727;1450;6352295;1
230;172;0;729;1450;6352302;1
228;172;0;727;1460;6352309;1
227;173;0;726;1470;6352316;1
226;174;0;726;1470;6352323;1
225;175;0;726;1480;6352330;1
224;176;0;723;1470;6352337;1
223;176;0;726;1470;6352345;1
222;177;0;726;1480;6352352;1
221;178;0;724;1490;6352359;1
219;179;0;727;1490;6352366;1
218;180;0;726;1500;6352373;1
215;181;0;726;1470;6352380;1
213;182;0;726;1430;6352387;1
212;183;0;726;1420;6352394;1
210;184;0;726;1390;6352401;1
209;184;0;726;1410;6352408;1
207;185;0;726;1420;6352415;1
207;186;0;726;1420;6352422;1
206;187;0;724;1420;6352429;1
205;188;0;729;1410;6352436;1
204;189;0;724;1420;6352443;1
204;191;0;724;1400;6352450;1
204;192;0;726;1400;6352457;1
203;193;0;723;1410;6352464;1
202;194;0;723;1400;6352471;1
202;195;0;728;1400;6352478;1
202;197;0;723;1400;6352485;1
201;198;0;723;1360;6352492;1
201;199;0;711;1330;6352499;1
200;200;0;723;1290;6352506;1
199;201;0;713;1250;6352513;1
200;202;0;711;1250;6352520;1
200;203;0;711;1240;6352528;1
201;204;0;714;1250;6352535;1
202;205;0;711;1250;6352542;1
203;206;0;709;1250;6352549;1
204;207;0;710;1260;6352556;1
206;208;0;710;1260;6352563;1
207;209;0;710;1260;6352570;1
208;210;0;713;1240;6352577;1
209;211;0;710;1240;6352584;1
210;212;0;710;1240;6352591;1
210;214;0;711;1230;6352598;1
211;215;0;711;1310;6352605;1
212;217;0;710;1380;6352612;1
214;218;0;711;1450;6352619;1
215;220;0;711;1510;6352626;1
216;221;0;711;1520;6352633;1
217;223;0;711;1530;6352640;1
217;225;0;711;1520;6352647;1
218;226;0;714;1530;6352654;1
218;228;0;712;1520;6352661;1
218;230;0;715;1510;6352668;1
218;231;0;715;1510;6352675;1
218;233;0;713;1520;6352682;1
218;235;0;713;1530;6352689;1
218;237;0;712;1540;6352696;1
218;238;0;716;1550;6352703;1
219;240;0;713;1550;6352710;1
219;242;0;712;1550;6352718;1
219;243;0;713;1480;6352725;1
220;245;0;713;1420;6352732;1
220;247;0;712;1380;6352739;1
221;248;0;715;1340;6352746;1
222;250;0;711;1380;6352753;1
222;251;0;711;1400;6352760;1
223;252;0;712;1410;6352767;1
224;254;0;712;1420;6352774;1
224;255;0;711;1410;6352781;1
225;256;0;711;1410;6352788;1
226;257;0;711;1420;6352795;1
227;259;0;714;1410;6352802;1
228;260;0;710;1420;6352809;1
229;261;0;710;1420;6352816;1
230;262;0;709;1430;6352823;1
231;263;0;709;1440;6352830;1
231;264;0;709;1440;6352837;1
232;265;0;710;1430;6352844;1
232;266;0;708;1440;6352851;1
233;267;0;711;1450;6352858;1
234;268;0;710;1440;6352865;1
235;270;0;710;1450;6352872;1
236;270;0;711;1450;6352879;1
236;271;0;709;1440;6352886;1
237;272;0;708;1450;6352893;1
238;273;0;710;1450;6352901;1
239;274;0;709;1450;6352908;1
240;275;0;709;1440;6352915;1
242;276;0;708;1440;6352922;1
243;276;0;710;1440;6352929;1
244;277;0;709;1450;6352936;1
245;278;0;711;1450;6352943;1
246;279;0;710;1450;6352950;1
247;279;0;712;1450;6352957;1
247;280;0;709;1440;6352964;1
248;281;0;710;1440;6352971;1
249;282;0;711;1430;6352978;1
250;283;0;710;1420;6352985;1
251;283;0;710;1420;6352992;1
253;284;0;710;1430;6352999;1
254;285;0;709;1430;6353006;1
255;286;0;711;1440;6353013;1
256;287;0;714;1440;6353020;1
258;288;0;711;1440;6353027;1
260;288;0;709;1440;6353034;1
261;289;0;711;1440;6353041;1
263;290;0;712;1450;6353048;1
265;291;0;710;1460;6353055;1
267;292;0;710;1460;6353062;1
269;293;0;710;1460;6353069;1
270;294;0;710;1450;6353076;1
272;295;0;709;1430;6353084;1
274;296;0;714;1400;6353091;1
276;297;0;710;1380;6353098;1
278;298;0;711;1380;6353105;1
280;298;0;710;1390;6353112;1
283;299;0;711;1410;6353119;1
286;300;0;711;1420;6353126;1
289;300;0;711;1420;6353133;1
291;301;0;711;1420;6353140;1
294;301;0;711;1420;6353147;1
297;302;0;711;1420;6353154;1
300;302;0;711;1430;6353161;1
303;303;0;711;1420;6353168;1
305;303;0;711;1410;6353175;1
307;304;0;712;1400;6353182;1
309;304;0;711;1420;6353189;1
311;304;0;712;1420;6353196;1
313;305;0;711;1430;6353203;1
314;305;0;712;1430;6353210;1
316;306;0;712;1430;6353217;1
317;306;0;712;1440;6353224;1
318;306;0;712;1450;6353231;1
319;307;0;711;1460;6353238;1
320;307;0;711;1460;6353245;1
321;307;0;712;1470;6353252;1
322;308;0;712;1460;6353259;1
323;308;0;712;1460;6353266;1
324;309;0;711;1450;6353274;1
325;309;0;711;1460;6353281;1
326;309;0;712;1470;6353288;1
327;309;0;713;1480;6353295;1
328;310;0;713;1480;6353302;1
329;310;0;713;1490;6353309;1
329;310;0;713;1470;6353316;1
331;310;0;717;1480;6353323;1
332;310;0;717;1470;6353330;1
333;311;0;714;1470;6353337;1
335;311;0;715;1480;6353344;1
337;311;0;716;1480;6353351;1
339;311;0;717;1490;6353358;1
342;311;0;718;1490;6353365;1
344;310;0;717;1500;6353372;1
347;310;0;717;1490;6353379;1
349;310;0;717;1500;6353386;1
352;310;0;717;1500;6353393;1
354;310;0;717;1500;6353400;1
356;310;0;717;1500;6353407;1
358;310;0;717;1490;6353414;1
360;310;0;718;1490;6353421;1
362;310;0;716;1490;6353428;1
364;310;0;717;1490;6353435;1
366;310;0;717;1490;6353442;1
368;310;0;716;1490;6353449;1
369;310;0;717;1490;6353457;1
371;310;0;716;1490;6353464;1
373;310;0;715;1490;6353471;1
375;311;0;717;1490;6353478;1
377;311;0;717;1490;6353485;1
379;311;0;720;1500;6353492;1
381;311;0;716;1500;6353499;1
384;312;0;718;1490;6353506;1
386;312;0;717;1490;6353513;1
389;312;0;717;1490;6353520;1
392;312;0;718;1490;6353527;1
395;312;0;717;1500;6353534;1
397;312;0;719;1500;6353541;1
399;312;0;717;1530;6353548;1
401;312;0;718;1570;6353555;1
403;312;0;718;1600;6353562;1
405;312;0;720;1620;6353569;1
407;312;0;720;1630;6353576;1
410;312;0;719;1630;6353583;1
412;312;0;719;1630;6353590;1
415;312;0;721;1630;6353597;1
418;312;0;719;1630;6353604;1
421;312;0;719;1630;6353611;1
424;311;0;720;1620;6353618;1
427;311;0;720;1620;6353625;1
430;311;0;722;1620;6353632;1
433;311;0;720;1620;6353640;1
436;311;0;721;1620;6353647;1
439;310;0;721;1620;6353654;1
442;310;0;721;1620;6353661;1
444;309;0;724;1620;6353668;1
447;309;0;722;1620;6353675;1
450;308;0;722;1610;6353682;1
452;307;0;722;1610;6353689;1
455;307;0;723;1610;6353696;1
457;306;0;723;1600;6353703;1
460;305;0;723;1610;6353710;1
463;304;0;723;1610;6353717;1
465;304;0;723;1610;6353724;1
468;303;0;723;1620;6353731;1
471;302;0;723;1620;6353738;1
474;302;0;724;1620;6353745;1
477;301;0;723;1620;6353752;1
480;300;0;723;1610;6353759;1
483;299;0;723;1610;6353766;1
486;299;0;724;1610;6353773;1
490;298;0;724;1630;6353780;1
493;297;0;726;1620;6353787;1
496;297;0;724;1630;6353794;1
498;296;0;726;1640;6353801;1
500;295;0;728;1630;6353808;1
503;294;0;724;1650;6353815;1
505;293;0;726;1660;6353822;1
508;292;0;729;1650;6353830;1
510;291;0;727;1670;6353837;1
512;290;0;727;1650;6353844;1
514;289;0;729;1650;6353851;1
516;288;0;729;1650;6353858;1
518;287;0;730;1650;6353865;1
519;286;0;729;1650;6353872;1
521;285;0;734;1650;6353879;1
522;284;0;730;1650;6353886;1
524;283;0;731;1650;6353893;1
526;282;0;729;1650;6353900;1
528;281;0;730;1660;6353907;1
530;280;0;729;1660;6353914;1
533;279;0;730;1660;6353921;1
535;278;0;731;1660;6353928;1
537;277;0;730;1660;6353935;1
539;276;0;729;1660;6353942;1
542;275;0;729;1660;6353949;1
544;274;0;732;1660;6353956;1
546;273;0;730;1670;6353963;1
549;272;0;732;1670;6353970;1
551;271;0;730;1670;6353977;1
554;270;0;729;1670;6353984;1
556;269;0;731;1680;6353991;1
559;268;0;733;1680;6353998;1
562;267;0;732;1680;6354005;1
565;265;0;730;1680;6354013;1
568;264;0;731;1670;6354020;1
571;263;0;732;1690;6354027;1
573;261;0;732;1690;6354034;1
575;260;0;733;1690;6354041;1
577;259;0;734;1680;6354048;1
578;257;0;735;1680;6354055;1
579;256;0;736;1670;6354062;1
580;255;0;739;1650;6354069;1
581;254;0;739;1640;6354076;1
581;253;0;739;1620;6354083;1
582;252;0;738;1620;6354090;1
582;251;0;738;1620;6354097;1
583;250;0;738;1620;6354104;1
584;249;0;735;1620;6354111;1
585;248;0;735;1630;6354118;1
585;247;0;734;1650;6354125;1
586;246;0;735;1660;6354132;1
586;245;0;734;1660;6354139;1
587;244;0;735;1680;6354146;1
587;243;0;735;1680;6354153;1
587;242;0;735;1680;6354160;1
588;242;0;734;1680;6354167;1
588;241;0;735;1680;6354174;1
588;240;0;735;1690;6354181;1
588;239;0;735;1680;6354188;1
589;238;0;735;1680;6354196;1
589;237;0;735;1680;6354203;1
589;236;0;734;1680;6354210;1
589;235;0;735;1680;6354217;1
589;235;0;736;1680;6354224;1
588;234;0;735;1690;6354231;1
588;233;0;735;1690;6354238;1
588;232;0;735;1670;6354245;1
588;231;0;735;1670;6354252;1
588;230;0;735;1670;6354259;1
588;229;0;735;1690;6354266;1
588;228;0;734;1690;6354273;1
588;227;0;735;1690;6354280;1
589;226;0;735;1690;6354287;1
589;225;0;735;1680;6354294;1
589;224;0;734;1680;6354301;1
589;223;0;735;1680;6354308;1
590;222;0;735;1680;6354315;1
590;221;0;735;1680;6354322;1
590;220;0;735;1680;6354329;1
591;219;0;735;1680;6354336;1
591;218;0;735;1680;6354343;1
591;217;0;735;1670;6354350;1
591;216;0;733;1670;6354357;1
591;214;0;735;1670;6354364;1
591;213;0;728;1670;6354371;1
590;212;0;735;1670;6354378;1
590;211;0;739;1670;6354386;1
590;210;0;739;1660;6354393;1
589;210;0;734;1660;6354400;1
589;209;0;739;1660;6354407;1
589;208;0;735;1660;6354414;1
589;207;0;734;1650;6354421;1
589;206;0;735;1640;6354428;1
589;205;0;734;1640;6354435;1
589;204;0;740;1640;6354442;1
588;203;0;735;1640;6354449;1
588;203;0;739;1630;6354456;1
588;202;0;735;1630;6354463;1
588;201;0;735;1620;6354470;1
588;201;0;734;1620;6354477;1
588;200;0;734;1630;6354484;1
588;199;0;735;1630;6354491;1
588;199;0;738;1630;6354498;1
588;198;0;733;1630;6354505;1
589;198;0;733;1620;6354512;1
589;197;0;734;1650;6354519;1
589;196;0;733;1660;6354526;1
589;196;0;713;1670;6354533;1
589;195;0;733;1690;6354540;1
589;195;0;748;1690;6354547;1
589;194;0;747;1690;6354554;1
589;194;0;748;1690;6354561;1
589;193;0;748;1700;6354569;1
589;193;0;748;1690;6354576;1
589;192;0;748;1700;6354583;1
589;192;0;748;1700;6354590;1
589;191;0;746;1700;6354597;1
589;191;0;748;1700;6354604;1
590;190;0;747;1700;6354611;1
590;189;0;748;1690;6354618;1
590;189;0;748;1690;6354625;1
590;188;0;749;1690;6354632;1
591;188;0;748;1690;6354639;1
591;187;0;748;1700;6354646;1
591;187;0;749;1700;6354653;1
591;186;0;749;1700;6354660;1
592;186;0;748;1690;6354667;1
592;185;0;748;1690;6354674;1
592;184;0;750;1690;6354681;1
592;184;0;750;1690;6354688;1
592;183;0;750;1690;6354695;1
592;183;0;750;1690;6354702;1
592;182;0;751;1690;6354709;1
592;181;0;751;1700;6354716;1
592;181;0;750;1700;6354723;1
592;180;0;751;1700;6354730;1
592;179;0;750;1700;6354737;1
592;179;0;750;1700;6354744;1
592;178;0;750;1710;6354752;1
592;178;0;751;1700;6354759;1
592;177;0;750;1700;6354766;1
593;176;0;750;1700;6354773;1
593;176;0;750;1700;6354780;1
593;175;0;750;1710;6354787;1
593;174;0;750;1710;6354794;1
594;174;0;750;1710;6354801;1
594;173;0;754;1710;6354808;1
594;172;0;751;1710;6354815;1
594;172;0;752;1710;6354822;1
594;171;0;756;1710;6354829;1
594;170;0;753;1710;6354836;1
594;170;0;752;1710;6354843;1
594;169;0;753;1700;6354850;1
594;169;0;755;1700;6354857;1
595;168;0;753;1700;6354864;1
595;167;0;754;1700;6354871;1
595;167;0;753;1700;6354878;1
595;166;0;753;1700;6354885;1
596;165;0;753;1700;6354892;1
596;164;0;753;1700;6354899;1
597;163;0;752;1700;6354906;1
597;163;0;753;1690;6354913;1
598;162;0;751;1690;6354920;1
598;161;0;752;1700;6354927;1
598;160;0;752;1700;6354934;1
599;160;0;754;1700;6354942;1
599;159;0;753;1700;6354949;1
599;158;0;756;1700;6354956;1
599;157;0;753;1700;6354963;1
599;157;0;753;1690;6354970;1
599;156;0;755;1690;6354977;1
599;156;0;753;1690;6354984;1
599;155;0;753;1690;6354991;1
599;155;0;752;1690;6354998;1
599;154;0;754;1690;6355005;1
599;154;0;754;1690;6355012;1
599;153;0;754;1690;6355019;1
599;153;0;751;1690;6355026;1
599;152;0;754;1690;6355033;1
599;152;0;754;1690;6355040;1
599;151;0;754;1690;6355047;1
599;151;0;752;1690;6355054;1
599;150;0;754;1690;6355061;1
599;150;0;754;1690;6355068;1
599;150;0;754;1690;6355075;1
599;149;0;754;1700;6355082;1
599;149;0;754;1690;6355089;1
599;148;0;756;1690;6355096;1
599;148;0;754;1700;6355103;1
598;147;0;756;1690;6355110;1
598;147;0;754;1700;6355117;1
598;146;0;754;1700;6355125;1
598;146;0;753;1700;6355132;1
598;145;0;754;1710;6355139;1
598;145;0;754;1710;6355146;1
598;144;0;756;1720;6355153;1
598;144;0;757;1710;6355160;1
598;143;0;756;1700;6355167;1
597;143;0;755;1690;6355174;1
597;142;0;753;1690;6355181;1
596;142;0;753;1690;6355188;1
596;141;0;754;1690;6355195;1
595;140;0;754;1690;6355202;1
595;140;0;754;1690;6355209;1
594;139;0;757;1690;6355216;1
593;139;0;755;1690;6355223;1
593;138;0;754;1680;6355230;1
592;137;0;754;1680;6355237;1
592;137;0;754;1680;6355244;1
591;137;0;757;1680;6355251;1
591;136;0;754;1670;6355258;1
590;136;0;754;1660;6355265;1
590;135;0;755;1670;6355272;1
589;135;0;756;1670;6355279;1
588;134;0;755;1670;6355286;1
587;134;0;756;1650;6355293;1
587;133;0;755;1650;6355300;1
586;132;0;755;1650;6355308;1
585;132;0;754;1660;6355315;1
584;131;0;755;1650;6355322;1
584;131;0;755;1650;6355329;1
583;130;0;755;1650;6355336;1
583;130;0;757;1650;6355343;1
582;129;0;755;1650;6355350;1
581;128;0;756;1640;6355357;1
581;128;0;755;1650;6355364;1
580;127;0;756;1650;6355371;1
579;126;0;756;1650;6355378;1
578;125;0;756;1650;6355385;1
577;124;0;755;1650;6355392;1
576;123;0;756;1670;6355399;1
575;123;0;760;1670;6355406;1
574;122;0;759;1690;6355413;1
573;121;0;756;1680;6355420;1
572;120;0;754;1680;6355427;1
571;119;0;759;1680;6355434;1
570;118;0;759;1680;6355441;1
569;117;0;759;1680;6355448;1
568;116;0;759;1680;6355455;1
567;115;0;755;1690;6355462;1
566;114;0;756;1680;6355469;1
565;113;0;754;1680;6355476;1
564;112;0;754;1690;6355483;1
563;111;0;754;1690;6355490;1
562;110;0;754;1690;6355498;1
561;109;0;755;1690;6355505;1
560;109;0;753;1690;6355512;1
559;108;0;754;1690;6355519;1
558;107;0;754;1690;6355526;1
557;106;0;753;1690;6355533;1
555;105;0;754;1690;6355540;1
554;105;0;754;1680;6355547;1
553;104;0;752;1690;6355554;1
552;103;0;752;1680;6355561;1
550;103;0;752;1690;6355568;1
549;102;0;751;1690;6355575;1
548;101;0;751;1690;6355582;1
546;101;0;750;1700;6355589;1
544;100;0;750;1690;6355596;1
543;99;0;752;1690;6355603;1
541;99;0;751;1690;6355610;1
539;98;0;750;1690;6355617;1
538;97;0;748;1690;6355624;1
536;97;0;749;1680;6355631;1
534;96;0;748;1680;6355638;1
533;95;0;748;1680;6355645;1
531;95;0;748;1670;6355652;1
529;94;0;748;1680;6355659;1
528;93;0;747;1680;6355666;1
526;93;0;750;1670;6355673;1
524;92;0;748;1670;6355681;1
522;91;0;751;1670;6355688;1
520;91;0;746;1670;6355695;1
518;90;0;746;1670;6355702;1
516;90;0;750;1670;6355709;1
514;89;0;746;1660;6355716;1
512;88;0;746;1660;6355723;1
511;88;0;747;1670;6355730;1
509;87;0;747;1660;6355737;1
508;87;0;745;1660;6355744;1
507;86;0;747;1650;6355751;1
506;85;0;748;1650;6355758;1
505;84;0;748;1650;6355765;1
503;84;0;746;1650;6355772;1
502;83;0;747;1660;6355779;1
501;82;0;747;1650;6355786;1
499;81;0;746;1650;6355793;1
498;80;0;748;1650;6355800;1
496;79;0;745;1640;6355807;1
494;78;0;746;1640;6355814;1
492;77;0;745;1620;6355821;1
490;76;0;745;1620;6355828;1
487;75;0;745;1630;6355835;1
485;74;0;745;1640;6355842;1
482;73;0;745;1650;6355849;1
479;72;0;744;1660;6355856;1
477;71;0;744;1660;6355864;1
474;70;0;742;1660;6355871;1
472;69;0;745;1660;6355878;1
469;68;0;744;1670;6355885;1
467;67;0;744;1670;6355892;1
465;66;0;744;1660;6355899;1
463;65;0;745;1660;6355906;1
461;64;0;744;1660;6355913;1
458;63;0;745;1660;6355920;1
456;62;0;745;1670;6355927;1
454;61;0;744;1670;6355934;1
452;60;0;744;1670;6355941;1
449;59;0;744;1670;6355948;1
446;59;0;742;1670;6355955;1
442;58;0;742;1680;6355962;1
439;57;0;742;1670;6355969;1
435;57;0;742;1670;6355976;1
431;56;0;745;1670;6355983;1
427;56;0;742;1670;6355990;1
424;55;0;745;1670;6355997;1
420;55;0;741;1660;6356004;1
417;55;0;742;1670;6356011;1
414;54;0;742;1680;6356018;1
411;54;0;742;1680;6356025;1
408;54;0;742;1680;6356032;1
405;54;0;741;1680;6356039;1
401;53;0;745;1670;6356047;1
398;53;0;741;1650;6356054;1
395;53;0;743;1650;6356061;1
391;53;0;742;1660;6356068;1
388;53;0;740;1640;6356075;1
385;53;0;740;1640;6356082;1
382;53;0;740;1640;6356089;1
379;52;0;740;1600;6356096;1
376;52;0;739;1600;6356103;1
372;53;0;738;1590;6356110;1
370;53;0;739;1600;6356117;1
367;53;0;738;1620;6356124;1
365;53;0;738;1640;6356131;1
362;53;0;739;1660;6356138;1
360;53;0;738;1650;6356145;1
357;53;0;738;1650;6356152;1
354;53;0;738;1640;6356159;1
352;53;0;738;1620;6356166;1
349;54;0;738;1640;6356173;1
347;54;0;738;1630;6356180;1
344;54;0;735;1640;6356187;1
341;54;0;738;1630;6356194;1
338;54;0;740;1620;6356201;1
336;55;0;738;1600;6356208;1
333;55;0;739;1620;6356215;1
331;55;0;736;1620;6356222;1
328;56;0;736;1610;6356229;1
326;56;0;735;1600;6356237;1
324;56;0;736;1580;6356244;1
322;57;0;739;1580;6356251;1
320;57;0;735;1580;6356258;1
317;58;0;735;1590;6356265;1
315;59;0;740;1580;6356272;1
312;59;0;735;1580;6356279;1
310;59;0;735;1580;6356286;1
307;60;0;735;1580;6356293;1
304;60;0;735;1580;6356300;1
301;61;0;735;1580;6356307;1
298;61;0;735;1570;6356314;1
295;62;0;735;1570;6356321;1
292;63;0;735;1560;6356328;1
290;63;0;735;1560;6356335;1
287;64;0;734;1550;6356342;1
285;64;0;740;1560;6356349;1
282;65;0;739;1560;6356356;1
280;66;0;739;1560;6356363;1
277;67;0;733;1560;6356370;1
275;68;0;733;1560;6356377;1
272;69;0;732;1550;6356384;1
269;70;0;738;1550;6356391;1
267;71;0;732;1550;6356398;1
263;72;0;732;1540;6356405;1
260;74;0;732;1550;6356412;1
257;75;0;733;1540;6356420;1
253;75;0;734;1540;6356427;1
250;77;0;735;1530;6356434;1
247;78;0;735;1530;6356441;1
244;78;0;735;1520;6356448;1
241;80;0;734;1520;6356455;1
238;81;0;734;1520;6356462;1
236;82;0;734;1520;6356469;1
233;83;0;735;1520;6356476;1
231;84;0;735;1510;6356483;1
229;85;0;735;1510;6356490;1
227;86;0;734;1500;6356497;1
225;87;0;732;1510;6356504;1
224;88;0;733;1490;6356511;1
222;89;0;732;1500;6356518;1
220;91;0;730;1510;6356525;1
218;92;0;731;1510;6356532;1
217;94;0;732;1530;6356539;1
214;95;0;736;1560;6356546;1
212;97;0;735;1500;6356553;1
209;98;0;735;1470;6356560;1
206;100;0;735;1440;6356567;1
203;101;0;739;1420;6356574;1
199;102;0;736;1430;6356581;1
196;104;0;740;1450;6356588;1
193;106;0;739;1470;6356595;1
190;107;0;738;1470;6356603;1
187;109;0;739;1500;6356610;1
185;110;0;740;1490;6356617;1
182;112;0;739;1500;6356624;1
180;113;0;741;1500;6356631;1
178;114;0;739;1500;6356638;1
177;115;0;742;1500;6356645;1
175;117;0;740;1490;6356652;1
174;118;0;742;1490;6356659;1
172;119;0;742;1470;6356666;1
171;121;0;741;1460;6356673;1
170;123;0;742;1470;6356680;1
169;124;0;740;1450;6356687;1
168;126;0;742;1440;6356694;1
167;127;0;742;1430;6356701;1
166;129;0;742;1430;6356708;1
166;130;0;742;1430;6356715;1
165;132;0;741;1440;6356722;1
164;134;0;745;1440;6356729;1
163;135;0;742;1460;6356736;1
162;137;0;745;1450;6356743;1
161;138;0;748;1420;6356750;1
159;140;0;744;1380;6356757;1
158;141;0;746;1310;6356764;1
156;143;0;744;1290;6356771;1
154;144;0;744;1310;6356778;1
152;146;0;745;1360;6356785;1
150;148;0;745;1400;6356793;1
148;149;0;744;1430;6356800;1
146;150;0;744;1430;6356807;1
144;151;0;745;1420;6356814;1
142;153;0;742;1440;6356821;1
141;154;0;748;1430;6356828;1
140;155;0;744;1430;6356835;1
139;156;0;743;1450;6356842;1
138;157;0;742;1450;6356849;1
137;158;0;744;1460;6356856;1
137;160;0;744;1460;6356863;1
136;161;0;744;1470;6356870;1
135;162;0;745;1460;6356877;1
134;164;0;744;1450;6356884;1
133;165;0;745;1440;6356891;1
132;166;0;745;1430;6356898;1
130;168;0;748;1410;6356905;1
129;169;0;743;1410;6356912;1
127;171;0;748;1390;6356919;1
125;172;0;745;1380;6356926;1
123;173;0;744;1360;6356933;1
121;175;0;745;1350;6356940;1
120;176;0;748;1350;6356947;1
118;178;0;743;1340;6356954;1
117;179;0;744;1330;6356961;1
115;181;0;743;1300;6356968;1
114;183;0;745;1280;6356976;1
112;184;0;745;1260;6356983;1
110;186;0;744;1240;6356990;1
108;188;0;745;1270;6356997;1
107;189;0;744;1310;6357004;1
105;191;0;745;1350;6357011;1
104;193;0;743;1400;6357018;1
102;194;0;745;1420;6357025;1
101;196;0;755;1450;6357032;1
100;198;0;717;1470;6357039;1
98;199;0;741;1500;6357046;1
97;200;0;731;1500;6357053;1
95;202;0;729;1500;6357060;1
94;203;0;728;1500;6357067;1
92;204;0;731;1500;6357074;1
90;206;0;729;1480;6357081;1
89;207;0;726;1490;6357088;1
88;208;0;727;1480;6357095;1
87;209;0;727;1480;6357102;1
86;210;0;727;1480;6357109;1
85;212;0;726;1470;6357116;1
84;213;0;728;1470;6357123;1
83;214;0;731;1460;6357130;1
82;216;0;728;1460;6357137;1
82;217;0;729;1460;6357144;1
81;218;0;729;1460;6357151;1
80;220;0;729;1470;6357159;1
80;221;0;727;1460;6357166;1
79;222;0;729;1460;6357173;1
78;223;0;728;1460;6357180;1
77;225;0;728;1440;6357187;1
76;226;0;732;1440;6357194;1
76;227;0;728;1440;6357201;1
75;228;0;728;1430;6357208;1
74;229;0;731;1430;6357215;1
74;230;0;728;1430;6357222;1
73;232;0;726;1420;6357229;1
73;233;0;726;1430;6357236;1
73;234;0;726;1430;6357243;1
73;235;0;726;1440;6357250;1
73;237;0;724;1430;6357257;1
73;238;0;723;1430;6357264;1
73;239;0;726;1440;6357271;1
74;240;0;723;1430;6357278;1
74;242;0;723;1430;6357285;1
75;243;0;721;1440;6357292;1
75;244;0;726;1430;6357299;1
76;246;0;723;1430;6357306;1
76;247;0;724;1430;6357313;1
77;248;0;723;1410;6357320;1
77;250;0;723;1400;6357327;1
78;251;0;723;1400;6357334;1
78;252;0;723;1400;6357341;1
79;254;0;722;1410;6357349;1
79;255;0;723;1420;6357356;1
80;256;0;723;1430;6357363;1
81;258;0;723;1410;6357370;1
81;259;0;723;1420;6357377;1
82;261;0;722;1410;6357384;1
82;263;0;720;1420;6357391;1
83;264;0;724;1430;6357398;1
83;266;0;723;1430;6357405;1
84;268;0;723;1430;6357412;1
85;269;0;723;1440;6357419;1
85;271;0;723;1430;6357426;1
86;273;0;723;1420;6357433;1
87;275;0;723;1430;6357440;1
88;276;0;721;1440;6357447;1
89;278;0;723;1440;6357454;1
90;279;0;720;1450;6357461;1
91;281;0;720;1460;6357468;1
93;283;0;720;1460;6357475;1
94;284;0;720;1480;6357482;1
95;286;0;720;1480;6357489;1
96;288;0;717;1480;6357496;1
98;290;0;719;1480;6357503;1
99;291;0;718;1450;6357510;1
101;293;0;717;1440;6357517;1
102;295;0;719;1430;6357524;1
104;297;0;717;1420;6357532;1
106;298;0;716;1430;6357539;1
108;300;0;717;1410;6357546;1
111;301;0;717;1410;6357553;1
115;303;0;717;1400;6357560;1
118;304;0;717;1390;6357567;1
121;306;0;720;1410;6357574;1
125;307;0;717;1420;6357581;1
128;309;0;719;1380;6357588;1
131;310;0;717;1370;6357595;1
134;312;0;719;1340;6357602;1
138;314;0;718;1340;6357609;1
141;316;0;720;1370;6357616;1
144;317;0;720;1370;6357623;1
147;319;0;718;1400;6357630;1
150;321;0;719;1410;6357637;1
153;323;0;718;1420;6357644;1
157;324;0;718;1440;6357651;1
160;326;0;720;1420;6357658;1
163;328;0;718;1420;6357665;1
166;330;0;722;1410;6357672;1
169;332;0;718;1390;6357679;1
172;334;0;719;1380;6357686;1
176;337;0;718;1380;6357693;1
180;339;0;723;1370;6357700;1
184;342;0;723;1380;6357707;1
189;344;0;719;1380;6357715;1
194;346;0;719;1370;6357722;1
199;348;0;712;1350;6357729;1
204;349;0;721;1330;6357736;1
209;351;0;720;1330;6357743;1
215;352;0;721;1340;6357750;1
221;353;0;723;1350;6357757;1
227;355;0;721;1370;6357764;1
233;356;0;722;1390;6357771;1
238;357;0;722;1380;6357778;1
242;358;0;723;1380;6357785;1
247;359;0;723;1370;6357792;1
252;361;0;726;1370;6357799;1
256;362;0;724;1370;6357806;1
261;363;0;726;1360;6357813;1
265;364;0;724;1370;6357820;1
270;365;0;726;1370;6357827;1
274;366;0;726;1370;6357834;1
278;367;0;724;1380;6357841;1
282;367;0;726;1380;6357848;1
286;368;0;727;1400;6357855;1
289;369;0;730;1400;6357862;1
293;370;0;728;1400;6357869;1
296;370;0;726;1400;6357876;1
300;371;0;730;1400;6357883;1
304;371;0;726;1410;6357890;1
307;372;0;728;1410;6357897;1
311;372;0;727;1430;6357905;1
314;373;0;729;1440;6357912;1
318;373;0;729;1460;6357919;1
322;374;0;729;1470;6357926;1
325;374;0;729;1470;6357933;1
329;375;0;729;1470;6357940;1
334;375;0;729;1470;6357947;1
338;375;0;731;1460;6357954;1
343;375;0;730;1450;6357961;1
348;375;0;732;1450;6357968;1
353;375;0;731;1450;6357975;1
358;375;0;731;1450;6357982;1
364;375;0;732;1460;6357989;1
370;375;0;733;1460;6357996;1
375;375;0;733;1460;6358003;1
381;374;0;732;1460;6358010;1
388;374;0;735;1460;6358017;1
394;373;0;732;1460;6358024;1
400;373;0;732;1490;6358031;1
405;372;0;733;1540;6358038;1
411;371;0;733;1570;6358045;1
416;370;0;733;1620;6358052;1
421;369;0;733;1620;6358059;1
426;368;0;733;1600;6358066;1
431;367;0;735;1610;6358073;1
436;365;0;735;1600;6358080;1
441;363;0;735;1590;6358088;1
446;362;0;735;1590;6358095;1
452;360;0;735;1580;6358102;1
457;358;0;736;1580;6358109;1
461;356;0;736;1590;6358116;1
466;354;0;739;1590;6358123;1
471;353;0;738;1590;6358130;1
476;351;0;738;1600;6358137;1
481;349;0;736;1590;6358144;1
485;347;0;736;1600;6358151;1
490;345;0;740;1630;6358158;1
495;343;0;736;1630;6358165;1
499;341;0;739;1630;6358172;1
503;338;0;738;1620;6358179;1
507;336;0;740;1610;6358186;1
512;334;0;739;1610;6358193;1
516;332;0;741;1610;6358200;1
520;330;0;739;1600;6358207;1
524;328;0;739;1600;6358214;1
529;326;0;739;1600;6358221;1
533;324;0;739;1600;6358228;1
538;322;0;740;1600;6358235;1
541;321;0;740;1600;6358242;1
545;319;0;740;1600;6358249;1
549;317;0;742;1600;6358256;1
552;315;0;742;1610;6358263;1
556;313;0;743;1610;6358271;1
559;311;0;743;1610;6358278;1
562;309;0;743;1600;6358285;1
566;307;0;743;1600;6358292;1
570;305;0;742;1600;6358299;1
574;303;0;744;1600;6358306;1
579;301;0;745;1600;6358313;1
583;299;0;745;1590;6358320;1
588;297;0;742;1590;6358327;1
592;295;0;742;1580;6358334;1
597;293;0;742;1600;6358341;1
602;291;0;742;1600;6358348;1
607;290;0;742;1600;6358355;1
612;288;0;742;1600;6358362;1
617;286;0;742;1580;6358369;1
622;285;0;742;1580;6358376;1
626;283;0;742;1580;6358383;1
631;282;0;742;1580;6358390;1
635;280;0;742;1590;6358397;1
639;279;0;742;1590;6358404;1
643;277;0;743;1610;6358411;1
647;276;0;745;1610;6358418;1
650;275;0;742;1620;6358425;1
654;273;0;743;1630;6358432;1
658;272;0;743;1630;6358439;1
662;270;0;743;1630;6358446;1
666;269;0;743;1630;6358453;1
671;267;0;742;1620;6358461;1
675;266;0;744;1620;6358468;1
679;264;0;742;1620;6358475;1
683;262;0;743;1620;6358482;1
686;260;0;745;1620;6358489;1
689;259;0;747;1620;6358496;1
692;258;0;749;1620;6358503;1
694;256;0;752;1620;6358510;1
696;255;0;755;1620;6358517;1
698;254;0;757;1620;6358524;1
700;253;0;760;1620;6358531;1
701;252;0;761;1620;6358538;1
703;251;0;764;1610;6358545;1
704;249;0;763;1620;6358552;1
706;248;0;763;1620;6358559;1
708;247;0;763;1630;6358566;1
710;246;0;763;1630;6358573;1
712;244;0;762;1630;6358580;1
713;243;0;763;1630;6358587;1
716;241;0;767;1620;6358594;1
717;240;0;763;1630;6358601;1
719;239;0;764;1630;6358608;1
721;238;0;763;1620;6358615;1
722;237;0;763;1620;6358622;1
723;236;0;763;1620;6358629;1
724;235;0;763;1620;6358636;1
725;234;0;765;1620;6358644;1
725;233;0;765;1630;6358651;1
726;232;0;767;1630;6358658;1
727;231;0;767;1630;6358665;1
728;230;0;767;1630;6358672;1
728;229;0;767;1630;6358679;1
729;228;0;767;1630;6358686;1
730;227;0;759;1650;6358693;1
731;226;0;767;1650;6358700;1
732;225;0;765;1650;6358707;1
734;224;0;764;1650;6358714;1
735;223;0;764;1640;6358721;1
736;222;0;764;1640;6358728;1
737;221;0;763;1640;6358735;1
737;220;0;757;1650;6358742;1
738;220;0;765;1650;6358749;1
738;219;0;767;1650;6358756;1
739;218;0;768;1650;6358763;1
739;217;0;768;1650;6358770;1
740;216;0;769;1650;6358777;1
740;215;0;770;1650;6358784;1
741;214;0;770;1650;6358791;1
741;213;0;770;1640;6358798;1
742;212;0;770;1640;6358805;1
743;211;0;770;1640;6358812;1
743;210;0;769;1630;6358819;1
744;209;0;769;1640;6358827;1
745;209;0;769;1630;6358834;1
746;208;0;768;1630;6358841;1
748;207;0;768;1630;6358848;1
749;206;0;769;1630;6358855;1
750;205;0;770;1630;6358862;1
750;204;0;768;1630;6358869;1
751;204;0;770;1630;6358876;1
751;203;0;770;1630;6358883;1
752;203;0;770;1630;6358890;1
752;202;0;771;1630;6358897;1
752;202;0;771;1630;6358904;1
752;201;0;773;1630;6358911;1
752;201;0;773;1620;6358918;1
752;200;0;773;1620;6358925;1
752;200;0;774;1620;6358932;1
752;200;0;773;1620;6358939;1
752;199;0;773;1620;6358946;1
752;199;0;765;1620;6358953;1
752;199;0;773;1620;6358960;1
752;199;0;771;1610;6358967;1
752;199;0;769;1610;6358974;1
753;199;0;761;1600;6358981;1
753;199;0;748;1600;6358988;1
754;200;0;732;1620;6358995;1
755;201;0;711;1620;6359002;1
756;202;0;668;1620;6359009;1
756;204;0;614;1630;6359017;1
755;204;0;471;1640;6359024;1
751;205;0;114;1660;6359031;1
