204;205;0;70;730;2425244421;0
204;204;0;163;720;2425244428;0
203;204;0;257;720;2425244435;0
203;203;0;327;720;2425244442;0
203;203;0;363;720;2425244449;0
203;203;0;372;720;2425244456;0
203;204;0;386;720;2425244463;0
204;204;0;396;720;2425244470;0
204;205;0;399;730;2425244477;0
205;205;0;405;730;2425244484;0
205;206;0;412;710;2425244491;0
205;206;0;422;720;2425244498;0
205;206;0;427;690;2425244505;0
205;206;0;430;700;2425244512;0
205;206;0;432;710;2425244519;0
204;206;0;433;700;2425244526;0
204;205;0;431;700;2425244533;0
204;205;0;430;700;2425244540;0
204;205;0;430;690;2425244547;0
204;204;0;430;690;2425244554;0
204;204;0;431;690;2425244562;0
204;204;0;432;690;2425244569;0
205;203;0;440;690;2425244576;0
205;202;0;456;690;2425244583;0
205;201;0;474;710;2425244590;0
205;200;0;499;710;2425244597;0
205;198;0;521;710;2425244604;0
204;196;0;541;690;2425244611;0
203;194;0;563;690;2425244618;0
202;192;0;577;700;2425244625;0
201;190;0;586;700;2425244632;0
200;189;0;592;700;2425244639;0
198;188;0;594;700;2425244646;0
197;187;0;594;710;2425244653;0
196;186;0;589;710;2425244660;0
195;186;0;586;710;2425244667;0
193;185;0;583;710;2425244674;0
192;185;0;581;710;2425244681;0
190;185;0;579;710;2425244688;0
189;184;0;580;710;2425244695;0
187;184;0;580;720;2425244702;0
186;185;0;580;720;2425244709;0
185;185;0;580;720;2425244716;0
183;186;0;580;720;2425244723;0
182;186;0;581;740;2425244730;0
181;187;0;583;740;2425244737;0
180;188;0;583;740;2425244745;0
178;189;0;586;740;2425244752;0
177;190;0;588;740;2425244759;0
175;192;0;589;740;2425244766;0
174;193;0;590;740;2425244773;0
173;194;0;590;750;2425244780;0
172;196;0;590;740;2425244787;0
172;197;0;590;720;2425244794;0
171;199;0;589;720;2425244801;0
171;201;0;589;740;2425244808;0
170;202;0;592;740;2425244815;0
170;204;0;589;770;2425244822;0
170;207;0;590;750;2425244829;0
170;209;0;592;750;2425244836;0
170;211;0;590;760;2425244843;0
169;214;0;595;760;2425244850;0
169;216;0;599;760;2425244857;0
168;218;0;604;760;2425244864;0
168;221;0;611;740;2425244871;0
168;223;0;622;740;2425244878;0
168;225;0;627;740;2425244885;0
168;228;0;632;740;2425244892;0
168;230;0;638;740;2425244899;0
169;233;0;641;740;2425244906;0
170;235;0;644;730;2425244913;0
172;237;0;644;740;2425244920;0
174;239;0;645;740;2425244927;0
176;241;0;644;720;2425244935;0
177;242;0;644;720;2425244942;0
179;242;0;639;700;2425244949;0
180;242;0;635;700;2425244956;0
181;242;0;634;720;2425244963;0
182;242;0;629;720;2425244970;0
183;242;0;629;720;2425244977;0
184;243;0;633;740;2425244984;0
185;243;0;634;730;2425244991;0
185;244;0;640;730;2425244998;0
187;246;0;661;710;2425245005;0
188;248;0;687;690;2425245012;0
190;251;0;707;680;2425245019;0
192;253;0;723;680;2425245026;0
194;255;0;732;700;2425245033;0
197;257;0;744;700;2425245040;0
199;257;0;742;700;2425245047;0
202;256;0;742;700;2425245054;0
204;255;0;741;690;2425245061;0
206;254;0;729;710;2425245068;0
208;252;0;711;720;2425245075;0
210;251;0;694;710;2425245082;0
212;250;0;682;690;2425245089;0
214;249;0;676;670;2425245096;0
216;249;0;676;670;2425245103;0
217;248;0;678;660;2425245110;0
219;248;0;688;660;2425245118;0
221;247;0;704;660;2425245125;0
223;246;0;720;670;2425245132;0
224;245;0;735;670;2425245139;0
226;243;0;749;670;2425245146;0
227;240;0;759;670;2425245153;0
229;237;0;768;670;2425245160;0
231;234;0;770;680;2425245167;0
234;231;0;770;680;2425245174;0
237;229;0;771;690;2425245181;0
239;227;0;770;680;2425245188;0
243;226;0;769;670;2425245195;0
246;225;0;764;660;2425245202;0
249;225;0;757;650;2425245209;0
252;225;0;751;640;2425245216;0
254;225;0;748;640;2425245223;0
256;224;0;747;650;2425245230;0
258;224;0;746;690;2425245237;0
259;222;0;747;710;2425245244;0
259;220;0;749;740;2425245251;0
259;216;0;757;750;2425245258;0
259;211;0;760;760;2425245265;0
257;205;0;756;760;2425245272;0
256;198;0;760;750;2425245279;0
254;190;0;754;720;2425245286;0
253;182;0;744;690;2425245293;0
251;174;0;738;670;2425245301;0
249;167;0;723;660;2425245308;0
248;161;0;729;660;2425245315;0
247;157;0;724;690;2425245322;0
246;153;0;724;680;2425245329;0
245;151;0;726;680;2425245336;0
245;150;0;728;660;2425245343;0
244;149;0;732;680;2425245350;0
244;149;0;745;690;2425245357;0
243;148;0;754;690;2425245364;0
242;147;0;764;700;2425245371;0
240;145;0;777;680;2425245378;0
238;143;0;783;670;2425245385;0
236;141;0;792;670;2425245392;0
234;138;0;789;680;2425245399;0
231;135;0;790;700;2425245406;0
228;133;0;790;720;2425245413;0
225;130;0;779;740;2425245420;0
223;128;0;762;730;2425245427;0
220;128;0;745;750;2425245434;0
217;127;0;723;750;2425245441;0
213;127;0;710;760;2425245448;0
210;128;0;695;780;2425245455;0
206;129;0;693;780;2425245462;0
202;130;0;693;770;2425245469;0
198;131;0;693;770;2425245476;0
194;131;0;702;790;2425245483;0
190;130;0;713;780;2425245491;0
187;129;0;719;810;2425245498;0
183;127;0;726;820;2425245505;0
180;125;0;735;820;2425245512;0
177;122;0;739;830;2425245519;0
174;120;0;745;830;2425245526;0
171;118;0;743;830;2425245533;0
169;117;0;745;830;2425245540;0
167;117;0;742;840;2425245547;0
164;117;0;742;830;2425245554;0
161;119;0;742;830;2425245561;0
158;121;0;742;810;2425245568;0
155;124;0;746;800;2425245575;0
151;128;0;745;780;2425245582;0
148;132;0;757;770;2425245589;0
145;136;0;762;760;2425245596;0
142;141;0;767;760;2425245603;0
140;146;0;771;760;2425245610;0
138;150;0;770;750;2425245617;0
136;154;0;771;740;2425245624;0
134;158;0;774;730;2425245631;0
132;161;0;771;730;2425245638;0
131;163;0;771;740;2425245645;0
130;165;0;771;740;2425245652;0
129;166;0;770;750;2425245659;0
128;167;0;767;760;2425245666;0
126;169;0;759;750;2425245674;0
125;171;0;749;750;2425245681;0
124;174;0;739;760;2425245688;0
123;177;0;732;770;2425245695;0
122;181;0;732;780;2425245702;0
121;186;0;732;780;2425245709;0
121;192;0;730;770;2425245716;0
120;198;0;731;760;2425245723;0
120;204;0;733;750;2425245730;0
120;211;0;734;730;2425245737;0
120;217;0;738;740;2425245744;0
120;223;0;735;730;2425245751;0
120;228;0;735;730;2425245758;0
121;232;0;736;730;2425245765;0
122;236;0;735;730;2425245772;0
122;239;0;738;720;2425245779;0
123;242;0;732;720;2425245786;0
124;245;0;726;700;2425245793;0
125;248;0;721;700;2425245800;0
125;251;0;717;710;2425245807;0
125;255;0;718;730;2425245814;0
126;258;0;714;760;2425245821;0
126;262;0;717;790;2425245828;0
126;266;0;709;770;2425245835;0
126;270;0;726;760;2425245842;0
126;274;0;729;760;2425245849;0
126;277;0;742;760;2425245857;0
126;280;0;752;750;2425245864;0
127;283;0;757;750;2425245871;0
128;285;0;761;750;2425245878;0
130;287;0;760;740;2425245885;0
132;288;0;759;740;2425245892;0
134;290;0;760;750;2425245899;0
136;291;0;759;760;2425245906;0
138;292;0;760;740;2425245913;0
140;294;0;753;740;2425245920;0
143;295;0;745;720;2425245927;0
145;297;0;741;710;2425245934;0
146;299;0;739;710;2425245941;0
148;301;0;739;700;2425245948;0
150;302;0;740;720;2425245955;0
152;304;0;743;720;2425245962;0
153;306;0;745;730;2425245969;0
155;308;0;755;750;2425245976;0
157;309;0;762;780;2425245983;0
160;309;0;770;780;2425245990;0
162;309;0;775;780;2425245997;0
165;309;0;773;760;2425246004;0
168;309;0;776;750;2425246011;0
171;309;0;773;720;2425246018;0
174;309;0;764;710;2425246025;0
177;309;0;759;710;2425246032;0
180;309;0;751;710;2425246039;0
183;310;0;744;700;2425246047;0
186;311;0;744;700;2425246054;0
189;312;0;743;700;2425246061;0
192;313;0;742;690;2425246068;0
194;313;0;747;670;2425246075;0
197;313;0;752;670;2425246082;0
200;313;0;760;670;2425246089;0
203;313;0;775;650;2425246096;0
206;312;0;788;670;2425246103;0
209;311;0;801;690;2425246110;0
213;310;0;811;710;2425246117;0
216;308;0;817;740;2425246124;0
220;306;0;821;740;2425246131;0
225;303;0;823;730;2425246138;0
229;300;0;818;710;2425246145;0
233;298;0;809;670;2425246152;0
238;296;0;795;650;2425246159;0
242;294;0;781;600;2425246166;0
246;293;0;771;550;2425246173;0
250;291;0;771;560;2425246180;0
254;291;0;765;540;2425246187;0
258;290;0;767;570;2425246194;0
262;289;0;768;580;2425246201;0
265;288;0;776;610;2425246208;0
268;287;0;781;610;2425246215;0
271;286;0;789;610;2425246222;0
274;285;0;801;600;2425246230;0
277;283;0;813;600;2425246237;0
280;281;0;823;600;2425246244;0
283;278;0;832;590;2425246251;0
286;275;0;836;590;2425246258;0
290;271;0;837;580;2425246265;0
293;267;0;839;580;2425246272;0
296;263;0;835;600;2425246279;0
300;259;0;822;610;2425246286;0
303;255;0;792;600;2425246293;0
306;251;0;769;620;2425246300;0
309;248;0;747;640;2425246307;0
312;245;0;723;670;2425246314;0
314;242;0;714;690;2425246321;0
315;240;0;713;710;2425246328;0
317;237;0;714;710;2425246335;0
318;234;0;718;710;2425246342;0
319;232;0;732;710;2425246349;0
320;228;0;753;720;2425246356;0
320;225;0;774;740;2425246363;0
321;222;0;794;740;2425246370;0
322;218;0;805;750;2425246377;0
323;214;0;819;750;2425246384;0
324;209;0;825;760;2425246391;0
325;204;0;820;780;2425246398;0
327;200;0;828;760;2425246405;0
328;195;0;827;750;2425246413;0
329;190;0;812;710;2425246420;0
330;186;0;789;680;2425246427;0
331;182;0;767;670;2425246434;0
332;179;0;748;670;2425246441;0
332;176;0;730;670;2425246448;0
332;173;0;724;690;2425246455;0
332;171;0;729;710;2425246462;0
331;168;0;726;710;2425246469;0
331;165;0;736;720;2425246476;0
330;161;0;756;720;2425246483;0
328;157;0;776;720;2425246490;0
327;153;0;794;740;2425246497;0
326;148;0;803;720;2425246504;0
325;142;0;806;710;2425246511;0
324;137;0;811;690;2425246518;0
322;132;0;809;690;2425246525;0
321;127;0;811;710;2425246532;0
320;122;0;800;720;2425246539;0
319;118;0;786;740;2425246546;0
318;116;0;776;760;2425246553;0
317;114;0;764;780;2425246560;0
316;112;0;755;780;2425246567;0
315;112;0;755;780;2425246574;0
313;111;0;755;780;2425246581;0
312;111;0;759;790;2425246588;0
310;110;0;770;800;2425246595;0
308;109;0;780;810;2425246603;0
306;108;0;795;810;2425246610;0
303;106;0;806;850;2425246617;0
301;103;0;813;870;2425246624;0
299;99;0;816;880;2425246631;0
296;95;0;817;900;2425246638;0
295;91;0;815;900;2425246645;0
292;88;0;812;900;2425246652;0
290;85;0;800;900;2425246659;0
288;83;0;784;900;2425246666;0
286;82;0;773;900;2425246673;0
284;81;0;763;900;2425246680;0
281;81;0;760;900;2425246687;0
278;82;0;759;900;2425246694;0
275;84;0;760;880;2425246701;0
271;86;0;767;880;2425246708;0
267;87;0;782;860;2425246715;0
263;89;0;794;860;2425246722;0
259;89;0;809;850;2425246729;0
255;89;0;814;850;2425246736;0
250;88;0;818;850;2425246743;0
246;85;0;819;860;2425246750;0
242;81;0;818;900;2425246757;0
238;77;0;817;920;2425246764;0
234;71;0;814;960;2425246771;0
231;65;0;800;1030;2425246778;0
228;60;0;780;1100;2425246786;0
224;54;0;757;1150;2425246793;0
221;50;0;735;1170;2425246800;0
217;47;0;714;1160;2425246807;0
213;46;0;698;1170;2425246814;0
209;45;0;693;1160;2425246821;0
204;46;0;696;1130;2425246828;0
199;47;0;709;1040;2425246835;0
193;49;0;727;950;2425246842;0
188;52;0;741;900;2425246849;0
183;55;0;762;870;2425246856;0
178;59;0;782;850;2425246863;0
173;61;0;796;840;2425246870;0
169;64;0;806;850;2425246877;0
165;64;0;812;840;2425246884;0
161;65;0;814;840;2425246891;0
157;64;0;813;860;2425246898;0
153;63;0;803;870;2425246905;0
150;62;0;786;900;2425246912;0
147;61;0;769;910;2425246919;0
143;61;0;751;930;2425246926;0
140;62;0;745;920;2425246933;0
136;63;0;735;900;2425246940;0
133;65;0;735;880;2425246947;0
129;68;0;739;840;2425246954;0
125;71;0;745;820;2425246961;0
121;75;0;754;790;2425246969;0
117;79;0;767;750;2425246976;0
112;82;0;777;730;2425246983;0
108;86;0;784;700;2425246990;0
105;90;0;784;700;2425246997;0
102;93;0;783;750;2425247004;0
99;97;0;785;770;2425247011;0
97;100;0;779;800;2425247018;0
95;103;0;780;830;2425247025;0
93;106;0;778;830;2425247032;0
91;108;0;778;850;2425247039;0
90;110;0;778;880;2425247046;0
89;112;0;776;860;2425247053;0
88;115;0;778;860;2425247060;0
87;117;0;777;840;2425247067;0
85;121;0;778;820;2425247074;0
83;124;0;779;810;2425247081;0
81;129;0;780;810;2425247088;0
78;133;0;782;820;2425247095;0
76;137;0;780;820;2425247102;0
73;141;0;779;820;2425247109;0
71;146;0;782;820;2425247116;0
68;150;0;778;820;2425247123;0
66;155;0;773;840;2425247130;0
64;160;0;767;840;2425247137;0
62;165;0;755;840;2425247144;0
61;171;0;750;850;2425247151;0
59;177;0;752;850;2425247159;0
58;183;0;746;840;2425247166;0
56;189;0;750;840;2425247173;0
55;194;0;739;830;2425247180;0
54;199;0;748;830;2425247187;0
53;204;0;748;820;2425247194;0
52;208;0;754;800;2425247201;0
51;212;0;756;820;2425247208;0
50;215;0;757;820;2425247215;0
49;218;0;756;820;2425247222;0
48;221;0;757;840;2425247229;0
48;224;0;754;840;2425247236;0
47;227;0;753;840;2425247243;0
47;231;0;749;830;2425247250;0
47;235;0;748;810;2425247257;0
47;239;0;748;790;2425247264;0
47;244;0;748;790;2425247271;0
47;248;0;751;770;2425247278;0
46;252;0;751;770;2425247285;0
46;255;0;754;770;2425247292;0
46;259;0;759;780;2425247299;0
46;261;0;760;770;2425247306;0
46;264;0;760;770;2425247313;0
47;266;0;760;760;2425247320;0
47;269;0;759;760;2425247327;0
48;271;0;760;750;2425247334;0
50;274;0;761;760;2425247342;0
51;277;0;757;750;2425247349;0
53;280;0;753;750;2425247356;0
56;283;0;751;750;2425247363;0
58;287;0;739;740;2425247370;0
61;291;0;745;730;2425247377;0
63;295;0;748;740;2425247384;0
66;298;0;747;740;2425247391;0
68;302;0;745;750;2425247398;0
71;305;0;744;750;2425247405;0
74;309;0;745;750;2425247412;0
77;312;0;745;760;2425247419;0
80;315;0;745;750;2425247426;0
83;319;0;745;770;2425247433;0
86;323;0;745;790;2425247440;0
90;327;0;745;780;2425247447;0
94;332;0;744;780;2425247454;0
98;337;0;744;770;2425247461;0
103;341;0;742;760;2425247468;0
107;344;0;743;730;2425247475;0
111;346;0;742;730;2425247482;0
114;349;0;745;730;2425247489;0
118;351;0;748;750;2425247496;0
121;352;0;751;760;2425247503;0
124;353;0;762;780;2425247510;0
127;354;0;763;770;2425247517;0
131;355;0;767;760;2425247525;0
134;356;0;767;760;2425247532;0
138;357;0;767;750;2425247539;0
142;358;0;765;740;2425247546;0
147;360;0;760;710;2425247553;0
151;362;0;752;730;2425247560;0
156;365;0;745;740;2425247567;0
161;368;0;741;740;2425247574;0
165;371;0;739;740;2425247581;0
169;374;0;741;710;2425247588;0
173;377;0;739;690;2425247595;0
177;379;0;742;680;2425247602;0
181;382;0;748;680;2425247609;0
185;384;0;753;670;2425247616;0
189;385;0;757;660;2425247623;0
192;386;0;759;660;2425247630;0
196;386;0;760;660;2425247637;0
200;386;0;759;650;2425247644;0
203;386;0;760;640;2425247651;0
207;385;0;760;680;2425247658;0
210;384;0;752;680;2425247665;0
214;383;0;745;700;2425247672;0
217;382;0;742;720;2425247679;0
220;382;0;742;720;2425247686;0
224;382;0;742;720;2425247693;0
227;382;0;744;720;2425247700;0
230;383;0;748;700;2425247708;0
234;383;0;755;670;2425247715;0
237;384;0;762;660;2425247722;0
240;384;0;771;640;2425247729;0
244;384;0;776;640;2425247736;0
247;383;0;779;630;2425247743;0
250;381;0;779;640;2425247750;0
253;379;0;783;630;2425247757;0
256;375;0;780;640;2425247764;0
259;371;0;778;700;2425247771;0
262;367;0;773;730;2425247778;0
265;363;0;767;760;2425247785;0
268;359;0;760;790;2425247792;0
271;356;0;751;800;2425247799;0
274;354;0;748;800;2425247806;0
277;353;0;746;800;2425247813;0
280;352;0;745;800;2425247820;0
283;351;0;745;770;2425247827;0
286;350;0;749;770;2425247834;0
288;349;0;754;770;2425247841;0
290;348;0;763;760;2425247848;0
293;347;0;773;760;2425247855;0
295;347;0;782;760;2425247862;0
298;346;0;790;720;2425247869;0
302;345;0;800;640;2425247876;0
305;345;0;808;630;2425247883;0
309;345;0;815;580;2425247890;0
313;345;0;820;610;2425247898;0
317;344;0;823;630;2425247905;0
321;342;0;825;640;2425247912;0
325;340;0;827;630;2425247919;0
329;337;0;822;640;2425247926;0
333;335;0;812;630;2425247933;0
337;332;0;797;620;2425247940;0
341;329;0;779;610;2425247947;0
345;327;0;768;580;2425247954;0
348;324;0;750;590;2425247961;0
351;322;0;743;590;2425247968;0
353;320;0;742;580;2425247975;0
356;318;0;738;640;2425247982;0
358;316;0;739;680;2425247989;0
360;314;0;748;710;2425247996;0
361;311;0;762;750;2425248003;0
363;307;0;776;740;2425248010;0
364;302;0;792;740;2425248017;0
366;297;0;797;700;2425248024;0
367;290;0;800;680;2425248031;0
369;284;0;799;660;2425248038;0
371;277;0;797;660;2425248045;0
373;271;0;792;660;2425248052;0
375;265;0;786;660;2425248059;0
377;260;0;776;680;2425248066;0
379;255;0;773;680;2425248073;0
381;251;0;772;680;2425248081;0
383;248;0;772;680;2425248088;0
384;245;0;771;660;2425248095;0
386;242;0;774;650;2425248102;0
387;240;0;781;650;2425248109;0
389;237;0;792;630;2425248116;0
390;235;0;806;630;2425248123;0
392;232;0;816;630;2425248130;0
394;228;0;819;640;2425248137;0
396;224;0;825;650;2425248144;0
398;218;0;826;660;2425248151;0
400;213;0;826;710;2425248158;0
403;207;0;818;750;2425248165;0
405;201;0;803;780;2425248172;0
407;196;0;782;760;2425248179;0
409;192;0;763;740;2425248186;0
410;188;0;744;720;2425248193;0
411;185;0;741;670;2425248200;0
412;182;0;740;670;2425248207;0
412;180;0;740;690;2425248214;0
412;178;0;749;690;2425248221;0
412;177;0;757;710;2425248228;0
412;176;0;781;710;2425248235;0
411;176;0;795;710;2425248242;0
411;175;0;809;710;2425248249;0
411;175;0;818;690;2425248256;0
411;175;0;817;690;2425248264;0
412;175;0;814;700;2425248271;0
413;175;0;813;700;2425248278;0
414;175;0;812;690;2425248285;0
416;175;0;812;680;2425248292;0
418;174;0;802;670;2425248299;0
420;174;0;784;670;2425248306;0
422;174;0;762;670;2425248313;0
423;174;0;744;650;2425248320;0
424;175;0;728;670;2425248327;0
424;176;0;720;670;2425248334;0
424;176;0;713;670;2425248341;0
424;177;0;718;670;2425248348;0
423;179;0;718;670;2425248355;0
421;180;0;732;670;2425248362;0
419;182;0;757;670;2425248369;0
418;184;0;778;680;2425248376;0
416;186;0;797;660;2425248383;0
414;188;0;808;660;2425248390;0
413;190;0;813;660;2425248397;0
411;191;0;815;670;2425248404;0
410;193;0;811;670;2425248411;0
409;193;0;797;660;2425248418;0
409;194;0;767;650;2425248425;0
410;194;0;734;650;2425248432;0
410;193;0;691;650;2425248439;0
411;192;0;616;640;2425248446;0
412;192;0;478;640;2425248454;0
412;192;0;30;640;2425248461;0
200;200;0;45;690;2425257888;1
200;200;0;7;640;2425257917;1
199;199;0;99;640;2425257924;1
198;199;0;235;640;2425257931;1
198;199;0;347;640;2425257938;1
198;199;0;437;610;2425257945;1
197;200;0;505;640;2425257952;1
197;201;0;550;660;2425257959;1
197;201;0;586;670;2425257966;1
197;202;0;610;690;2425257973;1
196;202;0;627;670;2425257980;1
196;203;0;641;680;2425257987;1
196;203;0;649;710;2425257994;1
195;203;0;651;700;2425258001;1
195;202;0;651;720;2425258008;1
194;202;0;651;720;2425258015;1
194;202;0;655;730;2425258022;1
194;202;0;667;740;2425258029;1
193;202;0;680;740;2425258036;1
193;202;0;685;760;2425258043;1
193;202;0;690;750;2425258050;1
192;203;0;691;750;2425258057;1
192;203;0;691;730;2425258064;1
191;204;0;691;730;2425258071;1
190;205;0;696;720;2425258078;1
189;205;0;693;720;2425258086;1
188;207;0;693;720;2425258093;1
187;208;0;696;720;2425258100;1
186;210;0;703;720;2425258107;1
184;211;0;702;720;2425258114;1
183;213;0;702;720;2425258121;1
182;214;0;702;720;2425258128;1
181;216;0;703;730;2425258135;1
181;217;0;702;710;2425258142;1
180;218;0;703;710;2425258149;1
179;219;0;705;710;2425258156;1
179;220;0;704;710;2425258163;1
178;222;0;705;700;2425258170;1
178;223;0;703;720;2425258177;1
177;225;0;696;710;2425258184;1
176;226;0;689;700;2425258191;1
176;229;0;682;700;2425258198;1
175;231;0;681;700;2425258205;1
175;234;0;681;700;2425258212;1
174;236;0;680;700;2425258219;1
173;239;0;681;700;2425258226;1
173;241;0;682;680;2425258233;1
173;243;0;682;670;2425258240;1
172;246;0;687;670;2425258247;1
172;247;0;688;650;2425258254;1
172;249;0;695;660;2425258261;1
172;250;0;696;680;2425258269;1
173;251;0;697;690;2425258276;1
174;252;0;699;730;2425258283;1
175;253;0;698;720;2425258290;1
176;254;0;698;710;2425258297;1
177;255;0;699;710;2425258304;1
178;257;0;699;710;2425258311;1
179;258;0;699;710;2425258318;1
181;260;0;699;710;2425258325;1
182;263;0;698;710;2425258332;1
184;265;0;697;700;2425258339;1
186;268;0;699;700;2425258346;1
187;270;0;699;690;2425258353;1
188;273;0;703;670;2425258360;1
189;275;0;713;660;2425258367;1
190;276;0;723;650;2425258374;1
192;277;0;728;650;2425258381;1
193;278;0;732;650;2425258388;1
194;278;0;732;640;2425258395;1
196;278;0;732;660;2425258402;1
198;279;0;732;650;2425258409;1
200;279;0;731;640;2425258416;1
202;279;0;724;610;2425258423;1
204;279;0;718;610;2425258430;1
206;279;0;717;600;2425258437;1
209;280;0;716;610;2425258444;1
211;281;0;718;610;2425258452;1
212;282;0;723;600;2425258459;1
214;283;0;735;590;2425258466;1
216;284;0;751;590;2425258473;1
218;286;0;770;570;2425258480;1
220;286;0;787;570;2425258487;1
222;287;0;794;540;2425258494;1
224;287;0;798;540;2425258501;1
226;287;0;800;530;2425258508;1
229;286;0;803;510;2425258515;1
232;286;0;800;530;2425258522;1
235;284;0;796;520;2425258529;1
238;283;0;786;500;2425258536;1
241;282;0;774;490;2425258543;1
243;281;0;767;470;2425258550;1
245;279;0;762;470;2425258557;1
248;278;0;761;470;2425258564;1
249;277;0;761;470;2425258571;1
251;275;0;764;450;2425258578;1
252;274;0;773;450;2425258585;1
253;273;0;792;450;2425258592;1
253;271;0;801;450;2425258599;1
254;269;0;813;490;2425258606;1
255;266;0;827;510;2425258613;1
255;264;0;827;510;2425258620;1
256;261;0;843;530;2425258627;1
257;257;0;850;580;2425258634;1
258;254;0;850;620;2425258642;1
260;250;0;853;640;2425258649;1
261;247;0;849;660;2425258656;1
263;245;0;845;630;2425258663;1
265;242;0;839;610;2425258670;1
267;240;0;830;600;2425258677;1
269;239;0;821;600;2425258684;1
271;238;0;816;590;2425258691;1
273;237;0;809;580;2425258698;1
274;235;0;806;600;2425258705;1
276;234;0;806;600;2425258712;1
276;232;0;807;600;2425258719;1
276;230;0;808;600;2425258726;1
276;227;0;811;600;2425258733;1
275;223;0;817;620;2425258740;1
274;218;0;827;650;2425258747;1
272;212;0;827;700;2425258754;1
270;206;0;828;730;2425258761;1
267;201;0;832;710;2425258768;1
265;195;0;833;670;2425258775;1
263;189;0;825;650;2425258782;1
261;185;0;829;610;2425258789;1
259;181;0;828;630;2425258796;1
257;177;0;826;620;2425258803;1
255;175;0;820;620;2425258810;1
253;172;0;816;590;2425258817;1
252;171;0;815;580;2425258825;1
250;169;0;815;580;2425258832;1
249;167;0;815;590;2425258839;1
247;166;0;817;590;2425258846;1
246;164;0;820;610;2425258853;1
244;162;0;819;610;2425258860;1
243;160;0;833;610;2425258867;1
241;159;0;836;640;2425258874;1
240;157;0;837;640;2425258881;1
239;155;0;839;660;2425258888;1
238;154;0;837;690;2425258895;1
237;153;0;836;690;2425258902;1
235;152;0;825;720;2425258909;1
233;152;0;813;720;2425258916;1
231;152;0;798;720;2425258923;1
228;153;0;784;730;2425258930;1
225;155;0;776;720;2425258937;1
222;156;0;778;720;2425258944;1
219;157;0;776;720;2425258951;1
215;158;0;782;720;2425258958;1
212;159;0;792;730;2425258965;1
208;159;0;805;710;2425258972;1
205;160;0;818;670;2425258979;1
201;160;0;833;660;2425258986;1
198;161;0;845;650;2425258993;1
195;161;0;852;660;2425259000;1
192;162;0;854;670;2425259008;1
190;163;0;854;680;2425259015;1
187;165;0;854;690;2425259022;1
185;166;0;848;690;2425259029;1
182;168;0;836;700;2425259036;1
180;170;0;825;700;2425259043;1
177;173;0;817;680;2425259050;1
174;176;0;815;680;2425259057;1
172;179;0;811;690;2425259064;1
169;181;0;809;710;2425259071;1
166;184;0;811;730;2425259078;1
163;187;0;809;750;2425259085;1
160;189;0;811;740;2425259092;1
157;191;0;818;730;2425259099;1
154;193;0;828;720;2425259106;1
151;194;0;830;690;2425259113;1
148;196;0;831;690;2425259120;1
146;197;0;830;680;2425259127;1
144;199;0;829;690;2425259134;1
142;202;0;826;690;2425259141;1
140;204;0;816;690;2425259148;1
139;207;0;805;700;2425259155;1
137;211;0;801;690;2425259162;1
136;214;0;797;670;2425259169;1
134;218;0;800;660;2425259176;1
133;222;0;803;680;2425259183;1
132;225;0;806;690;2425259190;1
131;228;0;815;720;2425259198;1
130;231;0;822;740;2425259205;1
130;234;0;832;740;2425259212;1
129;237;0;840;740;2425259219;1
129;240;0;847;740;2425259226;1
129;243;0;852;740;2425259233;1
128;247;0;855;720;2425259240;1
128;250;0;858;740;2425259247;1
129;253;0;860;730;2425259254;1
129;257;0;859;760;2425259261;1
130;260;0;858;760;2425259268;1
131;264;0;856;760;2425259275;1
132;267;0;852;760;2425259282;1
132;271;0;847;760;2425259289;1
134;275;0;845;750;2425259296;1
135;279;0;847;730;2425259303;1
136;284;0;842;720;2425259310;1
137;288;0;848;710;2425259317;1
139;291;0;842;670;2425259324;1
140;295;0;843;660;2425259331;1
141;298;0;845;640;2425259338;1
143;301;0;852;620;2425259345;1
144;303;0;854;620;2425259352;1
145;306;0;863;630;2425259359;1
147;309;0;868;630;2425259366;1
150;312;0;870;640;2425259373;1
152;316;0;873;670;2425259381;1
156;319;0;877;690;2425259388;1
159;322;0;874;710;2425259395;1
162;326;0;871;730;2425259402;1
166;329;0;865;720;2425259409;1
168;333;0;855;690;2425259416;1
171;336;0;851;670;2425259423;1
174;339;0;847;650;2425259430;1
177;342;0;847;650;2425259437;1
179;345;0;845;630;2425259444;1
182;347;0;850;620;2425259451;1
184;349;0;848;620;2425259458;1
187;351;0;858;590;2425259465;1
189;352;0;864;570;2425259472;1
192;352;0;872;580;2425259479;1
195;352;0;880;580;2425259486;1
198;351;0;884;580;2425259493;1
201;350;0;887;580;2425259500;1
205;348;0;887;580;2425259507;1
208;346;0;887;590;2425259514;1
211;344;0;881;610;2425259521;1
214;343;0;875;600;2425259528;1
217;343;0;866;610;2425259535;1
220;343;0;865;600;2425259542;1
223;343;0;860;580;2425259549;1
226;343;0;858;570;2425259556;1
229;344;0;860;550;2425259564;1
231;345;0;866;580;2425259571;1
234;346;0;875;640;2425259578;1
238;347;0;886;690;2425259585;1
241;347;0;897;760;2425259592;1
244;347;0;914;760;2425259599;1
248;347;0;932;720;2425259606;1
252;347;0;941;710;2425259613;1
256;346;0;947;700;2425259620;1
260;344;0;949;650;2425259627;1
264;342;0;950;620;2425259634;1
267;339;0;950;620;2425259641;1
270;335;0;944;610;2425259648;1
273;332;0;927;630;2425259655;1
275;328;0;910;620;2425259662;1
278;325;0;891;620;2425259669;1
280;322;0;891;640;2425259676;1
281;319;0;883;630;2425259683;1
283;317;0;881;630;2425259690;1
284;315;0;882;630;2425259697;1
285;314;0;891;610;2425259704;1
286;312;0;902;600;2425259711;1
287;310;0;918;600;2425259718;1
288;309;0;932;560;2425259725;1
289;306;0;940;560;2425259732;1
290;303;0;961;560;2425259739;1
291;300;0;973;580;2425259746;1
292;296;0;979;560;2425259754;1
293;291;0;983;520;2425259761;1
294;285;0;983;500;2425259768;1
295;279;0;981;450;2425259775;1
297;273;0;978;490;2425259782;1
299;267;0;962;510;2425259789;1
301;261;0;951;530;2425259796;1
303;256;0;940;570;2425259803;1
305;252;0;933;600;2425259810;1
306;248;0;927;640;2425259817;1
308;244;0;926;660;2425259824;1
310;241;0;925;670;2425259831;1
311;238;0;921;660;2425259838;1
312;236;0;921;640;2425259845;1
312;233;0;926;640;2425259852;1
313;230;0;939;640;2425259859;1
313;227;0;941;660;2425259866;1
313;223;0;948;660;2425259873;1
313;219;0;953;680;2425259880;1
313;214;0;960;700;2425259887;1
313;209;0;959;730;2425259894;1
312;203;0;960;750;2425259901;1
312;197;0;960;730;2425259908;1
312;191;0;962;680;2425259915;1
312;184;0;951;650;2425259922;1
312;179;0;953;630;2425259929;1
312;174;0;947;650;2425259937;1
311;169;0;938;670;2425259944;1
310;165;0;934;700;2425259951;1
309;162;0;932;700;2425259958;1
308;159;0;927;700;2425259965;1
306;157;0;934;670;2425259972;1
303;154;0;932;650;2425259979;1
300;152;0;938;640;2425259986;1
296;149;0;948;630;2425259993;1
293;146;0;958;610;2425260000;1
289;143;0;962;600;2425260007;1
286;140;0;965;580;2425260014;1
282;136;0;968;550;2425260021;1
279;133;0;968;580;2425260028;1
276;129;0;969;610;2425260035;1
274;126;0;968;630;2425260042;1
271;124;0;962;680;2425260049;1
269;122;0;951;700;2425260056;1
266;120;0;935;720;2425260063;1
263;119;0;916;730;2425260070;1
261;119;0;894;730;2425260077;1
257;120;0;876;720;2425260084;1
254;121;0;863;700;2425260091;1
250;122;0;860;670;2425260098;1
246;124;0;862;640;2425260105;1
242;126;0;872;610;2425260112;1
237;127;0;887;620;2425260120;1
233;128;0;907;610;2425260127;1
228;129;0;927;630;2425260134;1
224;129;0;945;640;2425260141;1
219;128;0;958;650;2425260148;1
215;127;0;966;670;2425260155;1
210;126;0;969;720;2425260162;1
206;124;0;970;750;2425260169;1
201;122;0;968;750;2425260176;1
197;120;0;959;760;2425260183;1
193;119;0;946;780;2425260190;1
189;118;0;926;790;2425260197;1
185;118;0;908;800;2425260204;1
181;119;0;891;800;2425260211;1
176;120;0;881;790;2425260218;1
172;123;0;882;780;2425260225;1
168;125;0;877;770;2425260232;1
164;127;0;882;760;2425260239;1
159;129;0;886;760;2425260246;1
154;130;0;896;740;2425260253;1
150;131;0;911;720;2425260260;1
146;132;0;914;720;2425260267;1
142;133;0;917;730;2425260274;1
138;133;0;919;750;2425260281;1
134;134;0;920;750;2425260288;1
131;135;0;925;750;2425260295;1
128;136;0;924;740;2425260303;1
125;138;0;919;730;2425260310;1
122;141;0;908;710;2425260317;1
119;145;0;899;680;2425260324;1
116;149;0;898;670;2425260331;1
113;154;0;896;660;2425260338;1
109;159;0;895;680;2425260345;1
106;163;0;898;720;2425260352;1
103;168;0;897;730;2425260359;1
100;172;0;905;780;2425260366;1
97;175;0;905;790;2425260373;1
95;179;0;908;780;2425260380;1
92;182;0;910;810;2425260387;1
90;185;0;910;800;2425260394;1
89;187;0;909;800;2425260401;1
88;189;0;911;790;2425260408;1
87;192;0;905;780;2425260415;1
87;195;0;899;760;2425260422;1
86;199;0;896;760;2425260429;1
85;203;0;893;760;2425260436;1
84;208;0;892;750;2425260443;1
83;213;0;892;720;2425260450;1
82;219;0;893;730;2425260457;1
81;224;0;895;750;2425260464;1
80;229;0;896;740;2425260471;1
79;235;0;905;740;2425260478;1
77;240;0;908;710;2425260485;1
76;245;0;912;730;2425260493;1
75;250;0;915;730;2425260500;1
75;255;0;917;730;2425260507;1
75;261;0;918;740;2425260514;1
75;266;0;917;740;2425260521;1
75;272;0;915;750;2425260528;1
76;277;0;912;730;2425260535;1
77;283;0;908;710;2425260542;1
79;288;0;904;700;2425260549;1
81;294;0;899;670;2425260556;1
83;300;0;895;670;2425260563;1
84;306;0;896;690;2425260570;1
86;311;0;896;700;2425260577;1
88;317;0;896;720;2425260584;1
90;323;0;899;730;2425260591;1
92;330;0;899;720;2425260598;1
95;337;0;905;720;2425260605;1
98;343;0;914;720;2425260612;1
101;349;0;924;700;2425260619;1
105;355;0;929;680;2425260626;1
109;361;0;932;670;2425260633;1
114;366;0;931;660;2425260640;1
119;372;0;931;660;2425260647;1
124;377;0;932;670;2425260654;1
128;382;0;931;660;2425260661;1
133;387;0;924;650;2425260668;1
138;391;0;917;630;2425260676;1
143;395;0;908;610;2425260683;1
148;399;0;903;610;2425260690;1
152;402;0;906;630;2425260697;1
158;406;0;903;630;2425260704;1
162;409;0;904;650;2425260711;1
167;412;0;904;640;2425260718;1
172;414;0;911;610;2425260725;1
177;416;0;924;600;2425260732;1
182;418;0;933;590;2425260739;1
187;420;0;941;590;2425260746;1
192;421;0;947;550;2425260753;1
197;421;0;947;540;2425260760;1
202;421;0;950;530;2425260767;1
207;421;0;950;550;2425260774;1
212;420;0;947;580;2425260781;1
217;419;0;947;600;2425260788;1
221;417;0;945;620;2425260795;1
227;416;0;942;620;2425260802;1
232;415;0;946;590;2425260809;1
237;414;0;941;580;2425260816;1
242;413;0;941;550;2425260823;1
248;412;0;942;580;2425260830;1
254;411;0;942;600;2425260837;1
260;409;0;945;630;2425260844;1
265;407;0;947;640;2425260851;1
271;404;0;947;630;2425260859;1
276;401;0;949;620;2425260866;1
281;396;0;950;640;2425260873;1
287;391;0;949;630;2425260880;1
292;386;0;950;620;2425260887;1
298;380;0;948;580;2425260894;1
303;374;0;947;570;2425260901;1
309;368;0;940;630;2425260908;1
314;363;0;937;680;2425260915;1
318;357;0;935;710;2425260922;1
323;351;0;935;750;2425260929;1
327;346;0;937;710;2425260936;1
330;340;0;937;680;2425260943;1
334;334;0;941;610;2425260950;1
337;328;0;948;560;2425260957;1
340;321;0;957;560;2425260964;1
343;314;0;965;560;2425260971;1
345;305;0;973;580;2425260978;1
347;296;0;980;560;2425260985;1
350;287;0;981;520;2425260992;1
353;278;0;982;500;2425260999;1
355;268;0;983;520;2425261006;1
358;259;0;981;610;2425261013;1
361;250;0;977;640;2425261020;1
363;241;0;968;690;2425261027;1
366;234;0;959;680;2425261034;1
368;226;0;952;660;2425261041;1
370;220;0;945;680;2425261049;1
372;214;0;941;680;2425261056;1
374;209;0;944;700;2425261063;1
375;204;0;941;720;2425261070;1
376;200;0;947;670;2425261077;1
377;197;0;950;630;2425261084;1
379;194;0;954;570;2425261091;1
380;192;0;964;510;2425261098;1
382;191;0;968;520;2425261105;1
384;190;0;969;480;2425261112;1
386;189;0;963;480;2425261119;1
388;189;0;971;470;2425261126;1
390;188;0;963;470;2425261133;1
392;188;0;950;450;2425261140;1
394;188;0;932;450;2425261147;1
395;188;0;911;470;2425261154;1
396;188;0;892;450;2425261161;1
397;189;0;875;450;2425261168;1
397;189;0;865;450;2425261175;1
397;191;0;854;450;2425261182;1
396;192;0;860;450;2425261189;1
395;194;0;864;430;2425261196;1
394;195;0;880;430;2425261203;1
393;197;0;901;530;2425261210;1
392;199;0;924;590;2425261217;1
391;201;0;943;640;2425261224;1
390;203;0;957;700;2425261232;1
390;205;0;966;700;2425261239;1
390;206;0;975;710;2425261246;1
390;207;0;973;710;2425261253;1
390;207;0;973;710;2425261260;1
390;207;0;970;680;2425261267;1
390;207;0;962;680;2425261274;1
391;207;0;952;680;2425261281;1
391;206;0;945;700;2425261288;1
391;205;0;941;730;2425261295;1
391;205;0;938;730;2425261302;1
392;204;0;938;750;2425261309;1
392;203;0;938;750;2425261316;1
393;202;0;937;780;2425261323;1
394;202;0;938;810;2425261330;1
394;201;0;938;810;2425261337;1
395;201;0;936;810;2425261344;1
396;201;0;934;840;2425261351;1
396;202;0;927;830;2425261358;1
397;203;0;924;830;2425261365;1
397;205;0;922;830;2425261372;1
397;206;0;922;800;2425261379;1
397;208;0;921;800;2425261386;1
397;209;0;924;770;2425261393;1
397;210;0;921;770;2425261400;1
397;211;0;924;780;2425261407;1
397;211;0;929;780;2425261415;1
397;211;0;930;750;2425261422;1
397;210;0;934;750;2425261429;1
396;209;0;935;750;2425261436;1
396;207;0;936;750;2425261443;1
396;205;0;935;770;2425261450;1
397;202;0;935;770;2425261457;1
397;200;0;935;800;2425261464;1
398;199;0;933;830;2425261471;1
398;198;0;929;760;2425261478;1
398;197;0;928;650;2425261485;1
399;197;0;924;550;2425261492;1
399;197;0;922;450;2425261499;1
399;198;0;924;550;2425261506;1
400;198;0;924;640;2425261513;1
400;199;0;928;750;2425261520;1
400;199;0;925;860;2425261527;1
400;199;0;926;860;2425261534;1
400;199;0;925;900;2425261541;1
400;198;0;925;900;2425261548;1
400;197;0;925;790;2425261555;1
400;196;0;920;690;2425261562;1
400;194;0;911;580;2425261569;1
399;193;0;913;500;2425261576;1
399;192;0;913;520;2425261583;1
398;190;0;914;540;2425261590;1
398;189;0;914;540;2425261597;1
397;187;0;915;570;2425261605;1
397;187;0;914;540;2425261612;1
397;186;0;917;560;2425261619;1
397;186;0;920;560;2425261626;1
397;187;0;924;560;2425261633;1
397;187;0;924;560;2425261640;1
397;188;0;926;540;2425261647;1
398;188;0;931;520;2425261654;1
399;189;0;933;500;2425261661;1
400;190;0;936;500;2425261668;1
401;190;0;935;500;2425261675;1
402;191;0;935;470;2425261682;1
403;191;0;934;430;2425261689;1
404;191;0;930;500;2425261696;1
405;190;0;922;500;2425261703;1
405;190;0;912;580;2425261710;1
405;189;0;902;640;2425261717;1
405;189;0;891;640;2425261724;1
405;189;0;881;670;2425261731;1
404;189;0;872;620;2425261738;1
402;189;0;867;590;2425261745;1
401;189;0;866;540;2425261752;1
399;189;0;863;470;2425261759;1
398;190;0;864;470;2425261766;1
397;191;0;865;490;2425261773;1
396;192;0;868;470;2425261780;1
396;193;0;870;470;2425261788;1
396;194;0;871;470;2425261795;1
396;194;0;870;450;2425261802;1
396;194;0;868;470;2425261809;1
397;193;0;864;470;2425261816;1
397;192;0;858;450;2425261823;1
398;191;0;839;470;2425261830;1
399;190;0;800;470;2425261837;1
399;190;0;742;450;2425261844;1
398;190;0;610;450;2425261851;1
396;191;0;66;410;2425261858;1
198;216;830;0;840;2425221899;2
198;217;782;0;820;2425221906;2
198;218;770;0;830;2425221913;2
198;219;758;0;830;2425221920;2
196;220;746;0;820;2425221927;2
194;221;734;0;810;2425221934;2
193;223;722;0;830;2425221941;2
192;224;722;0;790;2425221948;2
191;226;722;0;780;2425221955;2
190;227;722;0;740;2425221962;2
189;228;722;0;750;2425221969;2
188;229;710;0;760;2425221976;2
188;233;710;0;780;2425221983;2
186;238;710;0;810;2425221990;2
185;243;698;0;870;2425221997;2
184;248;686;0;920;2425222004;2
183;254;665;0;950;2425222011;2
183;261;641;0;980;2425222018;2
183;267;617;0;950;2425222026;2
184;271;605;0;910;2425222033;2
186;276;581;0;890;2425222040;2
188;280;569;0;880;2425222047;2
189;285;557;0;890;2425222054;2
191;289;557;0;900;2425222061;2
193;292;557;0;920;2425222068;2
194;295;557;0;960;2425222075;2
195;295;569;0;990;2425222082;2
196;296;581;0;1020;2425222089;2
197;297;593;0;1040;2425222096;2
199;298;593;0;1040;2425222103;2
200;299;593;0;1040;2425222110;2
202;301;593;0;1040;2425222117;2
205;302;581;0;1040;2425222124;2
209;304;569;0;1040;2425222131;2
215;306;545;0;1040;2425222138;2
220;307;533;0;1030;2425222145;2
224;309;509;0;1030;2425222152;2
228;310;485;0;1010;2425222159;2
233;311;473;0;1010;2425222166;2
237;312;449;0;1000;2425222173;2
240;312;449;0;1060;2425222180;2
243;313;437;0;1170;2425222187;2
246;313;437;0;1170;2425222194;2
246;312;449;0;1530;2425222201;2
246;311;461;0;1800;2425222208;2
247;309;485;0;1940;2425222216;2
248;308;509;0;1980;2425222223;2
251;305;533;0;1980;2425222230;2
254;304;545;0;2020;2425222237;2
258;303;569;0;1530;2425222244;2
264;302;569;0;450;2425222251;2
270;300;557;0;670;2425222258;2
276;299;557;0;470;2425222265;2
281;297;545;0;390;2425222272;2
287;296;521;0;260;2425222279;2
293;295;509;0;0;2425222286;2
299;294;497;0;3490;2425222293;2
305;293;485;0;0;2425222300;2
312;293;461;0;160;2425222307;2
317;292;449;0;320;2425222314;2
321;290;449;0;470;2425222321;2
324;288;449;0;430;2425222328;2
324;285;461;0;450;2425222335;2
324;281;485;0;530;2425222342;2
325;275;509;0;580;2425222349;2
326;268;545;0;710;2425222356;2
326;264;569;0;830;2425222363;2
328;260;593;0;930;2425222370;2
331;255;593;0;1080;2425222377;2
332;251;593;0;900;2425222384;2
335;247;569;0;580;2425222391;2
338;242;545;0;220;2425222399;2
342;238;509;0;0;2425222406;2
347;233;485;0;350;2425222413;2
352;228;461;0;710;2425222420;2
356;223;437;0;850;2425222427;2
357;217;425;0;920;2425222434;2
357;212;437;0;970;2425222441;2
357;205;437;0;1020;2425222448;2
357;198;437;0;970;2425222455;2
357;191;437;0;900;2425222462;2
354;184;437;0;830;2425222469;2
350;178;449;0;490;2425222476;2
346;171;485;0;140;2425222483;2
346;165;521;0;900;2425222490;2
345;159;545;0;1210;2425222497;2
341;153;581;0;1420;2425222504;2
340;148;593;0;1100;2425222511;2
339;143;605;0;840;2425222518;2
338;139;617;0;620;2425222525;2
337;139;605;0;450;2425222532;2
336;140;605;0;590;2425222539;2
334;139;593;0;680;2425222546;2
332;138;593;0;690;2425222553;2
330;135;593;0;710;2425222560;2
328;133;593;0;780;2425222567;2
326;132;605;0;780;2425222574;2
324;130;629;0;840;2425222582;2
321;129;653;0;840;2425222589;2
320;127;677;0;870;2425222596;2
316;127;686;0;870;2425222603;2
312;126;710;0;870;2425222610;2
310;126;722;0;860;2425222617;2
309;126;734;0;700;2425222624;2
308;125;746;0;370;2425222631;2
307;126;758;0;3340;2425222638;2
306;127;770;0;3430;2425222645;2
304;128;770;0;3450;2425222652;2
302;130;782;0;3500;2425222659;2
300;133;794;0;3510;2425222666;2
298;137;794;0;0;2425222673;2
296;142;806;0;720;2425222680;2
295;148;806;0;1420;2425222687;2
294;154;794;0;1480;2425222694;2
292;160;794;0;1350;2425222701;2
291;166;794;0;1160;2425222708;2
289;166;794;0;990;2425222715;2
287;171;806;0;900;2425222722;2
286;171;818;0;750;2425222729;2
285;171;818;0;630;2425222736;2
283;176;830;0;500;2425222743;2
282;176;842;0;420;2425222750;2
281;177;842;0;380;2425222757;2
281;182;854;0;350;2425222764;2
279;187;854;0;320;2425222772;2
278;187;854;0;300;2425222779;2
277;188;854;0;500;2425222786;2
276;189;854;0;830;2425222793;2
273;191;866;0;1050;2425222870;2
272;195;866;0;1170;2425222884;2
270;196;854;0;1090;2425222891;2
268;200;842;0;1040;2425222898;2
268;202;830;0;1130;2425222905;2
266;206;818;0;1120;2425222912;2
265;207;806;0;1100;2425222919;2
263;209;806;0;1060;2425222926;2
260;211;806;0;1000;2425222933;2
260;212;794;0;1000;2425222940;2
260;214;794;0;1000;2425222947;2
258;215;794;0;1010;2425222955;2
257;217;794;0;680;2425222962;2
257;218;806;0;500;2425222969;2
256;220;806;0;3180;2425222976;2
256;221;806;0;3270;2425222983;2
255;222;806;0;3260;2425222990;2
254;224;806;0;280;2425222997;2
254;225;806;0;210;2425223004;2
253;226;806;0;160;2425223011;2
253;228;818;0;510;2425223018;2
252;229;830;0;90;2425223025;2
251;231;842;0;100;2425223032;2
251;232;842;0;100;2425223039;2
250;232;854;0;3450;2425223046;2
249;234;854;0;3480;2425223053;2
249;235;854;0;3480;2425223060;2
248;236;854;0;3480;2425223067;2
248;237;854;0;3480;2425223095;2
247;239;842;0;100;2425223102;2
247;240;842;0;70;2425223109;2
247;241;830;0;50;2425223116;2
247;242;818;0;70;2425223123;2
247;242;794;0;3490;2425223130;2
247;243;770;0;3500;2425223138;2
247;243;746;0;3500;2425223145;2
247;244;734;0;3490;2425223152;2
247;244;722;0;3480;2425223159;2
248;244;710;0;3460;2425223166;2
248;245;686;0;3470;2425223173;2
249;245;665;0;3460;2425223180;2
249;245;653;0;3450;2425223187;2
249;245;641;0;3450;2425223194;2
249;245;629;0;3490;2425223201;2
248;245;617;0;3540;2425223208;2
248;245;617;0;3580;2425223215;2
247;245;617;0;0;2425223222;2
247;246;617;0;0;2425223229;2
246;246;617;0;20;2425223236;2
245;246;629;0;20;2425223243;2
244;247;641;0;20;2425223250;2
244;248;653;0;10;2425223257;2
243;249;665;0;10;2425223264;2
243;249;665;0;40;2425223271;2
242;250;665;0;100;2425223278;2
242;251;653;0;310;2425223285;2
242;252;641;0;1350;2425223292;2
243;254;629;0;1460;2425223299;2
243;255;617;0;1800;2425223306;2
244;256;605;0;1800;2425223313;2
245;258;593;0;2250;2425223320;2
246;259;581;0;0;2425223328;2
246;259;569;0;0;2425223335;2
246;260;569;0;0;2425223342;2
246;260;557;0;1350;2425223349;2
246;259;545;0;1530;2425223356;2
246;259;533;0;1460;2425223363;2
246;258;533;0;1350;2425223370;2
246;257;521;0;1530;2425223377;2
246;255;509;0;140;2425223384;2
247;254;509;0;0;2425223391;2
247;253;485;0;3570;2425223398;2
247;252;473;0;3550;2425223405;2
248;251;461;0;3550;2425223412;2
248;250;437;0;3560;2425223419;2
249;249;425;0;3560;2425223426;2
249;249;425;0;3580;2425223433;2
249;248;425;0;3580;2425223440;2
249;248;413;0;0;2425223447;2
249;248;413;0;0;2425223454;2
248;249;425;0;0;2425223461;2
248;249;437;0;0;2425223468;2
247;249;449;0;0;2425223475;2
247;250;461;0;20;2425223482;2
246;250;461;0;30;2425223489;2
245;251;449;0;70;2425223496;2
245;251;449;0;150;2425223503;2
244;251;449;0;400;2425223511;2
243;252;437;0;1170;2425223518;2
243;252;437;0;1080;2425223525;2
242;253;425;0;1080;2425223532;2
242;253;413;0;990;2425223539;2
242;253;413;0;900;2425223546;2
241;253;401;0;900;2425223553;2
241;253;413;0;900;2425223560;2
240;253;413;0;900;2425223567;2
240;253;413;0;900;2425223574;2
240;253;425;0;900;2425223581;2
239;253;425;0;900;2425223588;2
239;253;413;0;900;2425223595;2
239;253;413;0;900;2425223602;2
239;253;413;0;900;2425223609;2
238;253;401;0;900;2425223616;2
238;253;401;0;900;2425223623;2
238;253;401;0;900;2425223630;2
238;252;389;0;900;2425223637;2
238;252;377;0;560;2425223644;2
239;252;365;0;310;2425223651;2
239;252;353;0;190;2425223658;2
239;251;332;0;120;2425223665;2
240;251;320;0;140;2425223672;2
240;250;308;0;150;2425223679;2
240;250;296;0;150;2425223686;2
241;249;284;0;150;2425223694;2
241;248;272;0;160;2425223701;2
241;247;272;0;170;2425223708;2
241;247;260;0;180;2425223715;2
242;246;248;0;180;2425223722;2
242;245;236;0;180;2425223729;2
243;244;224;0;190;2425223736;2
243;244;212;0;210;2425223743;2
243;243;188;0;210;2425223750;2
244;243;176;0;220;2425223757;2
244;242;164;0;230;2425223764;2
245;242;152;0;230;2425223771;2
245;241;140;0;250;2425223778;2
246;241;128;0;260;2425223785;2
246;241;128;0;260;2425223792;2
246;240;140;0;290;2425223799;2
245;240;152;0;290;2425223806;2
245;240;164;0;270;2425223813;2
245;240;188;0;270;2425223820;2
245;240;200;0;230;2425223827;2
244;241;212;0;230;2425223834;2
244;241;224;0;220;2425223841;2
244;242;236;0;220;2425223848;2
244;242;236;0;220;2425223855;2
244;242;224;0;250;2425223862;2
244;243;212;0;250;2425223869;2
245;243;188;0;280;2425223877;2
245;243;152;0;300;2425223884;2
246;242;116;0;320;2425223891;2
247;242;68;0;330;2425223898;2
247;241;44;0;380;2425223905;2
247;240;20;0;400;2425223912;2
247;240;20;0;400;2425223919;2
246;240;20;0;400;2425223926;2
245;240;32;0;380;2425223933;2
244;241;56;0;370;2425223940;2
243;243;104;0;330;2425223947;2
242;245;176;0;290;2425223954;2
242;247;260;0;240;2425223961;2
241;250;320;0;190;2425223968;2
240;253;389;0;230;2425223975;2
240;253;437;0;340;2425223982;2
238;254;485;0;470;2425223989;2
238;255;545;0;730;2425223996;2
237;256;581;0;770;2425224003;2
236;257;617;0;780;2425224010;2
235;258;653;0;750;2425224017;2
234;260;677;0;730;2425224024;2
234;261;686;0;720;2425224031;2
232;263;710;0;700;2425224038;2
232;264;722;0;700;2425224045;2
231;266;734;0;700;2425224052;2
230;267;758;0;690;2425224059;2
229;268;770;0;690;2425224067;2
229;269;782;0;690;2425224074;2
228;270;782;0;670;2425224081;2
228;272;782;0;620;2425224088;2
227;273;782;0;580;2425224095;2
227;275;782;0;490;2425224102;2
227;276;782;0;420;2425224109;2
227;277;782;0;370;2425224116;2
227;279;782;0;310;2425224123;2
227;280;782;0;300;2425224130;2
227;281;782;0;290;2425224137;2
227;282;782;0;290;2425224144;2
228;283;782;0;310;2425224151;2
228;284;782;0;310;2425224158;2
228;285;782;0;340;2425224165;2
228;285;782;0;350;2425224172;2
229;286;782;0;370;2425224179;2
229;286;782;0;380;2425224186;2
229;286;782;0;380;2425224193;2
229;286;782;0;390;2425224200;2
229;286;782;0;380;2425224207;2
229;285;782;0;360;2425224214;2
230;285;794;0;330;2425224221;2
230;285;794;0;290;2425224228;2
230;285;806;0;260;2425224235;2
231;285;806;0;230;2425224242;2
231;285;806;0;220;2425224250;2
232;285;806;0;210;2425224257;2
232;285;806;0;230;2425224264;2
233;285;794;0;220;2425224271;2
234;285;782;0;210;2425224278;2
235;285;770;0;200;2425224285;2
236;285;770;0;170;2425224292;2
236;284;770;0;150;2425224299;2
237;284;770;0;120;2425224306;2
238;284;782;0;80;2425224313;2
239;284;782;0;40;2425224320;2
240;284;782;0;280;2425224327;2
241;284;782;0;220;2425224334;2
242;284;794;0;160;2425224341;2
243;284;806;0;100;2425224348;2
244;285;818;0;3470;2425224355;2
245;285;830;0;3430;2425224362;2
246;286;842;0;3420;2425224369;2
247;286;842;0;3410;2425224376;2
247;286;854;0;0;2425224383;2
248;286;854;0;270;2425224390;2
249;286;854;0;540;2425224397;2
250;287;854;0;550;2425224404;2
251;287;854;0;520;2425224411;2
252;287;854;0;230;2425224418;2
258;289;854;0;120;2425224587;2
265;292;854;0;500;2425224594;2
273;294;854;0;310;2425224601;2
278;296;854;0;1160;2425224608;2
284;300;842;0;980;2425224615;2
294;302;842;0;790;2425224623;2
298;305;842;0;340;2425224630;2
305;308;830;0;0;2425224637;2
311;310;830;0;3490;2425224644;2
318;313;818;0;3380;2425224651;2
325;316;818;0;3260;2425224658;2
337;318;818;0;2970;2425224665;2
337;321;818;0;2700;2425224672;2
338;321;818;0;1980;2425224679;2
339;321;818;0;1800;2425224686;2
339;321;818;0;1800;2425224693;2
339;320;830;0;1690;2425224700;2
339;320;830;0;1600;2425224707;2
338;319;818;0;1580;2425224714;2
338;319;818;0;1480;2425224721;2
337;318;818;0;1350;2425224728;2
336;318;818;0;1260;2425224735;2
336;318;818;0;1260;2425224742;2
335;317;806;0;1260;2425224749;2
334;317;806;0;1350;2425224756;2
333;317;806;0;1320;2425224763;2
333;317;806;0;1320;2425224770;2
332;317;806;0;1300;2425224777;2
331;317;794;0;1300;2425224784;2
330;317;794;0;1310;2425224791;2
329;317;782;0;1300;2425224798;2
329;316;782;0;1320;2425224806;2
328;316;782;0;1330;2425224813;2
327;315;770;0;1350;2425224820;2
326;315;770;0;1360;2425224827;2
325;314;770;0;1380;2425224834;2
325;313;770;0;1380;2425224841;2
324;312;782;0;1380;2425224848;2
323;312;782;0;1380;2425224855;2
323;311;782;0;1350;2425224862;2
322;310;770;0;1360;2425224869;2
322;309;758;0;1360;2425224876;2
321;309;758;0;1380;2425224883;2
321;309;746;0;1370;2425224890;2
320;308;746;0;1350;2425224897;2
319;308;746;0;1340;2425224904;2
319;308;734;0;1310;2425224911;2
318;308;734;0;1330;2425224918;2
318;308;710;0;1360;2425224925;2
317;309;698;0;1350;2425224932;2
317;309;677;0;1350;2425224939;2
317;309;653;0;1350;2425224946;2
317;309;641;0;1310;2425224953;2
317;309;617;0;1320;2425224960;2
317;309;593;0;1320;2425224967;2
318;310;569;0;1310;2425224974;2
318;310;545;0;1330;2425224981;2
319;310;533;0;1370;2425224989;2
319;310;521;0;1430;2425224996;2
320;310;497;0;1400;2425225003;2
320;310;485;0;1430;2425225010;2
321;309;473;0;1410;2425225017;2
321;309;449;0;1380;2425225024;2
321;308;449;0;1410;2425225031;2
321;307;437;0;1410;2425225038;2
321;306;437;0;1480;2425225045;2
321;305;437;0;1560;2425225052;2
321;304;413;0;1600;2425225059;2
322;303;389;0;1600;2425225066;2
322;302;365;0;1630;2425225073;2
323;302;332;0;1620;2425225080;2
323;302;308;0;1660;2425225087;2
323;302;284;0;1640;2425225094;2
323;302;260;0;1620;2425225101;2
324;302;236;0;1580;2425225108;2
324;302;212;0;1690;2425225115;2
323;302;188;0;1690;2425225122;2
323;302;164;0;1660;2425225129;2
322;302;140;0;1660;2425225136;2
321;301;128;0;1660;2425225143;2
321;301;116;0;1530;2425225150;2
320;300;116;0;1660;2425225157;2
320;300;116;0;1660;2425225164;2
319;300;116;0;1620;2425225171;2
319;300;104;0;1620;2425225179;2
319;301;92;0;1800;2425225186;2
319;302;80;0;1800;2425225193;2
318;303;68;0;1800;2425225200;2
318;305;68;0;1800;2425225207;2
318;305;56;0;1800;2425225214;2
317;306;44;0;1800;2425225221;2
316;306;56;0;900;2425225228;2
315;306;44;0;900;2425225235;2
314;306;44;0;900;2425225242;2
312;306;44;0;1080;2425225249;2
311;306;44;0;1040;2425225256;2
309;305;44;0;1010;2425225263;2
307;305;44;0;1350;2425225270;2
305;305;44;0;2430;2425225277;2
304;306;44;0;2700;2425225284;2
302;306;44;0;2640;2425225291;2
300;306;44;0;2630;2425225298;2
299;307;44;0;2630;2425225305;2
298;307;44;0;2620;2425225312;2
297;308;32;0;2620;2425225319;2
296;308;32;0;2700;2425225326;2
296;309;20;0;2700;2425225333;2
295;309;20;0;2700;2425225340;2
294;310;20;0;2700;2425225347;2
293;310;20;0;2810;2425225354;2
293;310;20;0;2810;2425225362;2
292;311;20;0;2700;2425225369;2
291;311;20;0;2810;2425225376;2
291;311;20;0;2810;2425225383;2
291;311;20;0;2840;2425225390;2
290;312;20;0;2970;2425225397;2
290;312;20;0;2970;2425225404;2
289;312;20;0;2840;2425225411;2
289;313;8;0;2840;2425225418;2
288;313;8;0;2840;2425225425;2
288;314;0;0;2840;2425225432;2
288;314;0;139;2840;2425225547;2
288;314;0;500;2970;2425225554;2
287;315;0;568;2810;2425225561;2
287;315;0;574;2920;2425225568;2
287;314;0;552;2920;2425225575;2
286;314;0;500;2810;2425225582;2
286;314;0;442;2970;2425225589;2
286;314;0;341;2970;2425225596;2
286;314;0;169;2970;2425225603;2
286;314;0;0;2920;2425225610;2
286;315;0;0;2920;2425225617;2
286;316;0;0;3010;2425225624;2
287;318;0;0;3010;2425225631;2
288;319;0;0;3090;2425225638;2
288;321;12;0;3010;2425225645;2
289;323;12;0;3010;2425225652;2
290;325;12;0;2970;2425225659;2
290;327;24;0;2930;2425225666;2
291;328;36;0;3000;2425225673;2
291;329;48;0;3000;2425225680;2
291;329;60;0;3000;2425225687;2
291;328;72;0;2960;2425225695;2
291;327;72;0;2960;2425225702;2
290;324;84;0;2900;2425225709;2
290;322;96;0;2840;2425225716;2
290;318;108;0;2860;2425225723;2
289;315;120;0;2780;2425225730;2
289;311;120;0;2700;2425225737;2
288;308;120;0;2610;2425225744;2
287;305;144;0;2430;2425225751;2
287;302;156;0;2360;2425225758;2
287;301;180;0;2300;2425225765;2
286;300;192;0;2250;2425225772;2
286;299;192;0;2210;2425225779;2
286;298;192;0;2210;2425225786;2
286;297;204;0;2170;2425225793;2
286;297;204;0;2210;2425225800;2
286;297;216;0;2210;2425225807;2
286;297;228;0;2170;2425225814;2
286;298;252;0;2170;2425225821;2
285;298;276;0;2120;2425225828;2
283;298;300;0;2060;2425225835;2
280;298;341;0;1920;2425225842;2
275;298;389;0;1800;2425225849;2
272;297;425;0;1350;2425225856;2
267;294;461;0;830;2425225863;2
262;290;497;0;670;2425225870;2
257;285;533;0;310;2425225878;2
252;281;557;0;150;2425225885;2
248;279;581;0;3430;2425225892;2
249;279;593;0;3060;2425225899;2
250;280;605;0;3050;2425225906;2
249;279;605;0;3040;2425225913;2
249;279;605;0;2990;2425225920;2
248;278;605;0;3020;2425225927;2
245;276;593;0;3070;2425225934;2
243;275;581;0;3110;2425225941;2
243;275;569;0;3120;2425225948;2
243;275;533;0;3120;2425225955;2
243;275;509;0;3060;2425225962;2
244;275;485;0;3030;2425225969;2
245;275;461;0;3000;2425225976;2
245;275;449;0;2940;2425225983;2
246;274;437;0;2960;2425225990;2
248;273;425;0;2880;2425225997;2
248;272;425;0;2850;2425226004;2
248;271;437;0;2810;2425226011;2
248;270;449;0;2810;2425226018;2
248;269;449;0;2760;2425226025;2
248;268;461;0;2820;2425226032;2
248;268;461;0;2820;2425226039;2
248;267;461;0;2870;2425226046;2
248;268;461;0;2920;2425226053;2
248;268;437;0;2900;2425226061;2
248;269;425;0;2920;2425226068;2
249;270;389;0;2960;2425226075;2
250;273;365;0;2980;2425226082;2
252;273;341;0;3280;2425226089;2
254;276;300;0;3260;2425226096;2
258;278;276;0;0;2425226103;2
261;280;240;0;280;2425226110;2
263;281;204;0;140;2425226117;2
263;284;168;0;340;2425226124;2
265;286;144;0;280;2425226131;2
266;288;132;0;230;2425226138;2
267;289;132;0;180;2425226145;2
267;291;144;0;140;2425226152;2
268;292;156;0;110;2425226159;2
269;293;168;0;110;2425226166;2
270;294;192;0;80;2425226173;2
271;295;204;0;70;2425226180;2
271;297;216;0;100;2425226187;2
272;297;216;0;150;2425226194;2
273;298;204;0;270;2425226201;2
275;300;204;0;900;2425226208;2
276;302;192;0;630;2425226215;2
277;302;192;0;450;2425226222;2
278;304;192;0;270;2425226229;2
279;305;192;0;270;2425226236;2
280;306;192;0;270;2425226243;2
280;306;204;0;0;2425226251;2
281;306;216;0;0;2425226258;2
282;306;216;0;0;2425226265;2
283;305;240;0;0;2425226272;2
285;305;252;0;0;2425226279;2
288;304;252;0;2700;2425226286;2
290;304;240;0;2700;2425226293;2
292;304;228;0;2880;2425226300;2
295;305;192;0;2810;2425226307;2
297;306;144;0;2790;2425226314;2
299;307;96;0;2860;2425226321;2
301;307;48;0;2930;2425226328;2
303;308;24;0;3000;2425226335;2
305;308;0;0;3050;2425226342;2
306;309;0;0;3260;2425226349;2
307;310;0;674;0;2425226379;2
307;310;0;636;160;2425226386;2
307;310;0;632;410;2425226393;2
306;307;0;596;270;2425226400;2
305;305;0;543;0;2425226407;2
304;302;0;478;3380;2425226414;2
302;299;0;374;3090;2425226421;2
301;297;0;245;3260;2425226428;2
300;296;0;71;3360;2425226435;2
300;296;0;0;3420;2425226442;2
300;297;0;84;3390;2425226453;2
302;299;0;292;3340;2425226460;2
303;301;0;411;3230;2425226467;2
305;304;0;501;3100;2425226474;2
307;308;0;561;3260;2425226481;2
309;311;0;606;3530;2425226488;2
311;314;0;641;60;2425226495;2
312;316;0;657;180;2425226502;2
314;319;0;681;110;2425226509;2
316;321;0;691;50;2425226516;2
318;324;0;701;0;2425226523;2
320;326;0;707;3560;2425226530;2
321;328;0;711;3510;2425226537;2
322;329;0;707;3470;2425226544;2
323;329;0;701;3470;2425226551;2
323;329;0;689;3470;2425226558;2
323;329;0;671;3470;2425226565;2
323;329;0;660;3470;2425226572;2
323;329;0;652;3470;2425226579;2
323;329;0;652;3470;2425226586;2
323;329;0;653;3470;2425226593;2
323;329;0;656;3470;2425226600;2
323;329;0;658;3470;2425226608;2
323;329;0;676;3470;2425226615;2
323;328;0;686;3460;2425226622;2
322;328;0;693;3450;2425226629;2
321;328;0;694;3490;2425226636;2
320;327;0;696;3540;2425226643;2
318;327;0;693;0;2425226650;2
316;327;0;686;0;2425226657;2
313;328;0;677;60;2425226664;2
311;329;0;664;110;2425226671;2
309;330;0;645;220;2425226678;2
308;332;0;613;50;2425226685;2
307;333;0;576;3550;2425226692;2
306;334;0;535;3430;2425226699;2
306;335;0;478;3290;2425226706;2
307;335;0;402;3410;2425226713;2
307;335;0;344;3520;2425226720;2
308;335;0;323;40;2425226727;2
308;334;0;331;160;2425226734;2
309;332;0;381;170;2425226741;2
309;330;0;460;180;2425226748;2
309;329;0;521;200;2425226755;2
309;327;0;569;200;2425226762;2
309;326;0;605;260;2425226769;2
309;325;0;632;290;2425226776;2
309;324;0;651;340;2425226783;2
308;324;0;662;370;2425226791;2
308;324;0;673;410;2425226798;2
308;324;0;689;450;2425226805;2
308;325;0;695;450;2425226812;2
307;327;0;693;450;2425226819;2
307;328;0;693;410;2425226826;2
307;330;0;690;410;2425226833;2
307;331;0;688;370;2425226840;2
307;332;0;688;370;2425226847;2
307;332;0;687;370;2425226854;2
307;333;0;690;120;2425226861;2
307;333;0;689;110;2425226868;2
307;334;0;689;3540;2425226875;2
308;334;0;687;3380;2425226882;2
308;334;0;686;3380;2425226889;2
307;334;0;687;3380;2425226896;2
307;333;0;690;0;2425226903;2
306;333;0;691;0;2425226910;2
305;332;0;693;0;2425226917;2
304;332;0;691;3460;2425226924;2
302;331;0;681;3280;2425226931;2
300;331;0;687;3340;2425226938;2
298;331;0;688;3400;2425226945;2
297;332;0;689;3460;2425226952;2
295;332;0;693;3460;2425226959;2
294;333;0;681;3540;2425226966;2
293;335;0;690;3540;2425226974;2
293;336;0;687;3540;2425226981;2
292;338;0;693;0;2425226988;2
291;339;0;690;0;2425226995;2
291;341;0;690;0;2425227002;2
291;342;0;691;0;2425227009;2
291;343;0;690;0;2425227016;2
290;343;0;691;0;2425227023;2
290;343;0;690;0;2425227030;2
290;343;0;690;0;2425227037;2
290;342;0;687;40;2425227044;2
289;342;0;681;40;2425227051;2
289;342;0;670;40;2425227058;2
289;342;0;664;40;2425227065;2
289;342;0;663;40;2425227072;2
289;343;0;663;40;2425227079;2
289;344;0;667;40;2425227086;2
289;345;0;672;40;2425227093;2
289;346;0;678;90;2425227100;2
289;347;0;684;120;2425227107;2
288;348;0;690;220;2425227114;2
288;349;0;695;630;2425227121;2
287;350;0;700;630;2425227128;2
286;350;0;702;630;2425227135;2
284;350;0;706;720;2425227142;2
282;350;0;711;720;2425227149;2
280;349;0;718;900;2425227156;2
277;348;0;714;900;2425227164;2
274;346;0;714;720;2425227171;2
270;344;0;712;600;2425227178;2
266;342;0;710;520;2425227185;2
262;341;0;699;510;2425227192;2
257;339;0;690;510;2425227199;2
253;339;0;685;480;2425227206;2
250;338;0;681;420;2425227213;2
248;338;0;681;350;2425227220;2
245;339;0;683;360;2425227227;2
244;340;0;687;360;2425227234;2
242;340;0;699;360;2425227241;2
241;341;0;703;370;2425227248;2
239;341;0;700;390;2425227255;2
237;341;0;710;420;2425227262;2
234;340;0;714;480;2425227269;2
231;339;0;708;510;2425227276;2
228;337;0;713;570;2425227283;2
225;334;0;704;620;2425227290;2
222;332;0;691;670;2425227297;2
219;329;0;678;690;2425227304;2
216;327;0;660;720;2425227311;2
213;325;0;644;740;2425227318;2
210;324;0;633;730;2425227325;2
206;323;0;630;690;2425227332;2
203;323;0;631;690;2425227339;2
200;322;0;638;650;2425227347;2
197;322;0;648;670;2425227354;2
194;321;0;662;670;2425227361;2
191;320;0;678;650;2425227368;2
188;318;0;693;670;2425227375;2
184;316;0;707;650;2425227382;2
181;313;0;715;630;2425227389;2
177;310;0;717;650;2425227396;2
174;306;0;717;660;2425227403;2
172;301;0;715;690;2425227410;2
170;296;0;710;720;2425227417;2
168;292;0;703;770;2425227424;2
167;287;0;693;810;2425227431;2
166;283;0;685;810;2425227438;2
166;280;0;673;840;2425227445;2
166;277;0;660;840;2425227452;2
166;275;0;645;820;2425227459;2
165;273;0;632;820;2425227466;2
165;271;0;625;820;2425227473;2
165;269;0;623;820;2425227480;2
164;267;0;627;820;2425227487;2
163;265;0;618;840;2425227494;2
163;262;0;632;830;2425227501;2
162;258;0;643;830;2425227508;2
162;253;0;654;810;2425227515;2
162;247;0;660;830;2425227522;2
162;240;0;662;830;2425227530;2
163;233;0;670;840;2425227537;2
164;226;0;671;840;2425227544;2
166;221;0;672;840;2425227551;2
167;216;0;679;810;2425227558;2
169;213;0;684;790;2425227565;2
172;211;0;690;790;2425227572;2
174;209;0;693;780;2425227579;2
177;209;0;694;780;2425227586;2
181;209;0;699;760;2425227593;2
184;210;0;697;750;2425227600;2
187;210;0;702;730;2425227607;2
191;210;0;702;720;2425227614;2
194;210;0;708;710;2425227621;2
198;208;0;711;680;2425227628;2
202;206;0;714;700;2425227635;2
206;203;0;715;760;2425227642;2
211;199;0;714;760;2425227649;2
216;196;0;714;750;2425227656;2
221;191;0;708;750;2425227663;2
226;187;0;708;670;2425227670;2
231;183;0;705;720;2425227677;2
236;180;0;702;740;2425227684;2
241;177;0;702;760;2425227691;2
245;176;0;704;750;2425227698;2
250;176;0;706;680;2425227705;2
254;176;0;708;660;2425227712;2
259;179;0;712;640;2425227720;2
263;181;0;714;620;2425227727;2
268;184;0;718;610;2425227734;2
272;187;0;726;530;2425227741;2
276;189;0;726;530;2425227748;2
280;191;0;742;500;2425227755;2
284;192;0;745;480;2425227762;2
287;193;0;749;510;2425227769;2
291;195;0;750;480;2425227776;2
295;197;0;748;640;2425227783;2
300;200;0;741;780;2425227790;2
304;205;0;735;950;2425227797;2
310;210;0;723;1060;2425227804;2
315;217;0;710;970;2425227811;2
320;224;0;697;930;2425227818;2
324;231;0;679;860;2425227825;2
328;237;0;663;790;2425227832;2
330;243;0;654;720;2425227839;2
332;249;0;651;720;2425227846;2
333;254;0;651;750;2425227853;2
333;258;0;652;750;2425227860;2
333;263;0;658;790;2425227867;2
333;267;0;663;750;2425227874;2
332;272;0;658;690;2425227881;2
332;277;0;668;670;2425227888;2
332;281;0;668;640;2425227895;2
332;285;0;671;610;2425227903;2
332;289;0;670;590;2425227910;2
331;292;0;672;570;2425227917;2
330;295;0;674;620;2425227924;2
328;298;0;672;700;2425227931;2
326;302;0;673;760;2425227938;2
324;305;0;672;870;2425227945;2
321;308;0;673;830;2425227952;2
317;312;0;674;870;2425227959;2
313;315;0;677;870;2425227966;2
308;317;0;675;880;2425227973;2
304;320;0;675;870;2425227980;2
299;322;0;678;870;2425227987;2
295;324;0;673;830;2425227994;2
291;326;0;675;790;2425228001;2
288;328;0;681;800;2425228008;2
285;330;0;681;770;2425228015;2
282;332;0;681;780;2425228022;2
279;334;0;680;740;2425228029;2
277;336;0;678;710;2425228036;2
275;339;0;671;710;2425228043;2
272;342;0;666;680;2425228050;2
270;345;0;660;780;2425228057;2
267;348;0;662;840;2425228064;2
265;350;0;664;900;2425228071;2
262;353;0;663;990;2425228078;2
259;356;0;655;960;2425228086;2
256;358;0;647;960;2425228093;2
253;361;0;627;930;2425228100;2
250;364;0;594;940;2425228107;2
247;366;0;543;940;2425228114;2
244;369;0;488;900;2425228121;2
240;371;0;440;900;2425228128;2
236;373;0;427;900;2425228135;2
232;375;0;448;900;2425228142;2
227;375;0;496;900;2425228149;2
222;375;0;558;900;2425228156;2
217;375;0;620;900;2425228163;2
212;373;0;668;900;2425228170;2
207;371;0;708;870;2425228177;2
202;368;0;734;830;2425228184;2
197;364;0;748;810;2425228191;2
193;360;0;754;760;2425228198;2
189;355;0;751;790;2425228205;2
185;351;0;751;820;2425228212;2
182;347;0;742;840;2425228219;2
179;344;0;730;880;2425228226;2
177;341;0;722;900;2425228233;2
174;340;0;713;900;2425228240;2
172;339;0;711;900;2425228247;2
170;338;0;711;900;2425228254;2
169;338;0;712;900;2425228261;2
167;336;0;714;900;2425228268;2
165;335;0;714;900;2425228276;2
163;332;0;714;900;2425228283;2
161;329;0;714;880;2425228290;2
159;324;0;705;840;2425228297;2
157;318;0;711;800;2425228304;2
155;312;0;708;770;2425228311;2
152;303;0;705;740;2425228318;2
150;294;0;694;780;2425228325;2
148;283;0;690;830;2425228332;2
146;273;0;690;850;2425228339;2
145;262;0;690;880;2425228346;2
144;252;0;693;880;2425228353;2
143;243;0;708;880;2425228360;2
143;236;0;717;900;2425228367;2
143;230;0;731;900;2425228374;2
144;226;0;735;880;2425228381;2
145;223;0;743;860;2425228388;2
147;221;0;742;830;2425228395;2
150;219;0;742;810;2425228402;2
152;218;0;742;800;2425228409;2
155;216;0;746;830;2425228416;2
158;213;0;745;850;2425228423;2
161;210;0;755;870;2425228430;2
165;207;0;759;880;2425228437;2
168;203;0;760;900;2425228444;2
172;200;0;759;900;2425228451;2
176;198;0;754;900;2425228459;2
180;196;0;740;920;2425228466;2
184;195;0;730;900;2425228473;2
188;194;0;722;900;2425228480;2
192;194;0;712;920;2425228487;2
196;193;0;720;920;2425228494;2
200;193;0;719;920;2425228501;2
205;194;0;718;920;2425228508;2
209;194;0;720;880;2425228515;2
213;195;0;719;820;2425228522;2
216;196;0;717;750;2425228529;2
220;197;0;716;700;2425228536;2
225;198;0;717;690;2425228543;2
229;198;0;717;680;2425228550;2
235;199;0;723;670;2425228557;2
241;199;0;734;650;2425228564;2
248;200;0;751;720;2425228571;2
255;200;0;752;870;2425228578;2
263;202;0;767;970;2425228585;2
270;204;0;767;1060;2425228592;2
277;206;0;768;1050;2425228599;2
284;209;0;768;1040;2425228606;2
290;211;0;768;1020;2425228613;2
295;213;0;761;1040;2425228620;2
301;215;0;755;1050;2425228627;2
306;218;0;748;990;2425228634;2
310;221;0;742;940;2425228642;2
314;225;0;739;900;2425228649;2
318;230;0;734;870;2425228656;2
322;235;0;734;810;2425228663;2
326;240;0;740;770;2425228670;2
331;245;0;739;700;2425228677;2
336;249;0;750;690;2425228684;2
341;253;0;763;690;2425228691;2
346;256;0;768;700;2425228698;2
350;259;0;770;720;2425228705;2
354;262;0;771;700;2425228712;2
357;265;0;770;680;2425228719;2
359;269;0;761;730;2425228726;2
361;273;0;750;720;2425228733;2
362;278;0;735;720;2425228740;2
363;283;0;731;680;2425228747;2
363;289;0;721;630;2425228754;2
363;294;0;720;690;2425228761;2
362;299;0;720;720;2425228768;2
360;303;0;723;790;2425228775;2
359;307;0;723;870;2425228782;2
357;310;0;726;880;2425228789;2
356;314;0;726;880;2425228796;2
355;317;0;726;870;2425228803;2
354;321;0;718;830;2425228810;2
354;324;0;703;770;2425228817;2
353;328;0;682;640;2425228824;2
351;332;0;667;640;2425228832;2
350;335;0;664;620;2425228839;2
348;338;0;664;620;2425228846;2
345;341;0;668;600;2425228853;2
342;344;0;669;740;2425228860;2
339;347;0;678;830;2425228867;2
335;350;0;685;930;2425228874;2
331;354;0;693;1030;2425228881;2
327;358;0;690;990;2425228888;2
323;362;0;689;960;2425228895;2
319;367;0;681;930;2425228902;2
314;371;0;676;900;2425228909;2
310;375;0;675;900;2425228916;2
305;379;0;673;870;2425228923;2
300;382;0;672;870;2425228930;2
295;384;0;672;860;2425228937;2
289;386;0;674;820;2425228944;2
283;388;0;671;790;2425228951;2
277;388;0;675;800;2425228958;2
270;389;0;684;810;2425228965;2
263;389;0;699;810;2425228972;2
256;388;0;720;800;2425228979;2
249;387;0;742;830;2425228986;2
242;385;0;755;830;2425228993;2
235;384;0;760;870;2425229000;2
229;381;0;759;870;2425229007;2
223;378;0;759;900;2425229015;2
218;375;0;759;900;2425229022;2
213;371;0;753;900;2425229029;2
208;367;0;739;900;2425229036;2
203;363;0;716;850;2425229043;2
198;359;0;693;810;2425229050;2
194;355;0;669;740;2425229057;2
189;350;0;629;750;2425229064;2
184;345;0;601;790;2425229071;2
180;340;0;594;810;2425229078;2
175;335;0;594;860;2425229085;2
171;330;0;612;880;2425229092;2
166;324;0;641;860;2425229099;2
161;318;0;665;850;2425229106;2
157;310;0;689;810;2425229113;2
153;303;0;717;770;2425229120;2
149;294;0;739;760;2425229127;2
147;285;0;753;780;2425229134;2
145;276;0;757;820;2425229141;2
145;268;0;760;840;2425229148;2
145;261;0;760;830;2425229155;2
145;254;0;759;830;2425229162;2
147;248;0;754;820;2425229169;2
148;242;0;732;820;2425229176;2
151;237;0;712;810;2425229183;2
153;232;0;690;810;2425229190;2
155;227;0;673;840;2425229198;2
158;222;0;657;850;2425229205;2
161;218;0;664;850;2425229212;2
164;214;0;667;870;2425229219;2
168;210;0;683;850;2425229226;2
172;206;0;703;860;2425229233;2
177;202;0;723;860;2425229240;2
182;199;0;744;860;2425229247;2
188;196;0;753;880;2425229254;2
194;193;0;752;880;2425229261;2
200;191;0;760;870;2425229268;2
207;189;0;762;850;2425229275;2
214;188;0;762;820;2425229282;2
220;187;0;762;780;2425229289;2
226;186;0;754;720;2425229296;2
232;186;0;747;730;2425229303;2
238;185;0;736;720;2425229310;2
243;184;0;729;690;2425229317;2
249;183;0;726;720;2425229324;2
253;182;0;727;740;2425229331;2
258;181;0;727;800;2425229338;2
263;180;0;731;810;2425229345;2
268;179;0;739;850;2425229352;2
273;178;0;747;870;2425229359;2
278;178;0;754;900;2425229366;2
283;179;0;760;900;2425229373;2
289;180;0;763;900;2425229380;2
296;182;0;763;860;2425229388;2
302;185;0;763;860;2425229395;2
308;189;0;763;790;2425229402;2
314;194;0;755;700;2425229409;2
319;199;0;749;750;2425229416;2
324;204;0;744;810;2425229423;2
327;209;0;745;870;2425229430;2
330;215;0;742;900;2425229437;2
333;220;0;743;900;2425229444;2
334;224;0;748;830;2425229451;2
336;227;0;754;800;2425229458;2
337;230;0;762;800;2425229465;2
338;234;0;773;770;2425229472;2
339;237;0;780;770;2425229479;2
340;242;0;780;770;2425229486;2
342;247;0;779;800;2425229493;2
345;253;0;770;790;2425229500;2
347;261;0;751;780;2425229507;2
350;269;0;718;760;2425229514;2
353;278;0;679;620;2425229521;2
356;288;0;630;480;2425229528;2
358;297;0;579;580;2425229535;2
359;306;0;540;670;2425229542;2
359;313;0;519;770;2425229549;2
359;320;0;518;850;2425229556;2
358;327;0;523;820;2425229563;2
356;332;0;543;780;2425229571;2
353;336;0;589;730;2425229578;2
350;340;0;632;720;2425229585;2
346;342;0;669;660;2425229592;2
342;344;0;686;690;2425229599;2
337;345;0;695;800;2425229606;2
332;346;0;705;900;2425229613;2
327;348;0;718;960;2425229620;2
321;350;0;724;1040;2425229627;2
315;352;0;726;1000;2425229634;2
309;355;0;726;990;2425229641;2
304;358;0;723;1000;2425229648;2
298;362;0;722;970;2425229655;2
293;365;0;721;940;2425229662;2
287;369;0;721;900;2425229669;2
282;372;0;721;900;2425229676;2
276;376;0;721;870;2425229683;2
271;380;0;722;870;2425229690;2
266;383;0;723;870;2425229697;2
262;386;0;724;850;2425229704;2
257;388;0;726;840;2425229711;2
253;389;0;726;870;2425229718;2
248;390;0;717;830;2425229725;2
244;390;0;710;830;2425229732;2
238;390;0;704;870;2425229739;2
233;389;0;696;870;2425229746;2
227;387;0;691;900;2425229754;2
220;386;0;688;900;2425229761;2
213;384;0;693;900;2425229768;2
205;382;0;708;880;2425229775;2
198;379;0;729;850;2425229782;2
190;376;0;754;810;2425229789;2
184;373;0;778;790;2425229796;2
177;369;0;795;820;2425229803;2
172;365;0;803;840;2425229810;2
167;361;0;806;880;2425229817;2
163;358;0;806;880;2425229824;2
159;354;0;807;880;2425229831;2
156;350;0;803;860;2425229838;2
154;346;0;795;880;2425229845;2
152;340;0;783;900;2425229852;2
150;334;0;769;900;2425229859;2
148;328;0;755;920;2425229866;2
147;320;0;750;900;2425229873;2
145;313;0;748;900;2425229880;2
143;305;0;749;900;2425229887;2
141;298;0;751;900;2425229894;2
140;290;0;755;920;2425229901;2
140;283;0;764;940;2425229908;2
140;276;0;779;940;2425229915;2
141;269;0;792;920;2425229922;2
142;261;0;802;900;2425229929;2
145;254;0;805;900;2425229937;2
148;246;0;809;900;2425229944;2
152;238;0;807;900;2425229951;2
156;231;0;806;900;2425229958;2
160;224;0;797;920;2425229965;2
164;217;0;792;920;2425229972;2
168;211;0;787;940;2425229979;2
171;206;0;785;940;2425229986;2
174;202;0;788;940;2425229993;2
178;198;0;785;940;2425230000;2
182;196;0;788;920;2425230007;2
187;194;0;786;940;2425230014;2
191;192;0;801;920;2425230021;2
197;191;0;814;900;2425230028;2
203;191;0;818;900;2425230035;2
210;190;0;821;870;2425230042;2
217;190;0;823;840;2425230049;2
225;189;0;822;810;2425230056;2
232;188;0;818;830;2425230063;2
240;187;0;812;810;2425230070;2
248;185;0;807;860;2425230077;2
255;182;0;804;860;2425230084;2
263;180;0;799;860;2425230091;2
270;178;0;794;900;2425230098;2
277;176;0;793;900;2425230105;2
284;175;0;792;940;2425230112;2
290;174;0;797;950;2425230119;2
295;175;0;797;900;2425230127;2
301;178;0;802;900;2425230134;2
307;181;0;809;820;2425230141;2
312;186;0;815;750;2425230148;2
318;192;0;818;750;2425230155;2
324;199;0;821;770;2425230162;2
330;207;0;821;800;2425230169;2
335;216;0;822;830;2425230176;2
341;224;0;822;820;2425230183;2
346;231;0;832;720;2425230190;2
351;237;0;844;660;2425230197;2
356;241;0;850;660;2425230204;2
361;245;0;851;640;2425230211;2
365;249;0;837;690;2425230218;2
369;253;0;825;740;2425230225;2
372;257;0;809;800;2425230232;2
374;261;0;793;830;2425230239;2
375;267;0;781;760;2425230246;2
375;273;0;771;730;2425230253;2
375;279;0;768;670;2425230260;2
375;286;0;764;640;2425230267;2
373;293;0;769;650;2425230274;2
372;300;0;777;690;2425230281;2
371;306;0;785;760;2425230288;2
370;313;0;788;790;2425230295;2
369;319;0;796;790;2425230302;2
368;324;0;795;790;2425230310;2
367;329;0;796;790;2425230317;2
367;333;0;796;760;2425230324;2
366;338;0;796;760;2425230331;2
365;342;0;797;740;2425230338;2
364;347;0;797;820;2425230345;2
362;351;0;796;900;2425230352;2
360;356;0;797;950;2425230359;2
358;361;0;797;1030;2425230366;2
356;367;0;789;1010;2425230373;2
353;372;0;777;970;2425230380;2
350;378;0;770;940;2425230387;2
347;384;0;751;900;2425230394;2
345;390;0;736;900;2425230401;2
342;395;0;734;900;2425230408;2
338;399;0;730;900;2425230415;2
334;403;0;726;900;2425230422;2
329;405;0;727;860;2425230429;2
324;407;0;739;830;2425230436;2
318;408;0;759;830;2425230443;2
312;408;0;785;830;2425230450;2
306;407;0;807;790;2425230457;2
300;406;0;825;780;2425230464;2
293;403;0;845;770;2425230471;2
287;400;0;860;830;2425230478;2
281;396;0;868;870;2425230485;2
274;392;0;869;900;2425230493;2
268;388;0;866;900;2425230500;2
261;384;0;853;900;2425230507;2
256;381;0;829;900;2425230514;2
250;379;0;808;900;2425230521;2
245;378;0;792;900;2425230528;2
240;376;0;779;900;2425230535;2
235;374;0;765;900;2425230542;2
229;372;0;765;900;2425230549;2
224;370;0;760;900;2425230556;2
218;367;0;759;900;2425230563;2
212;363;0;765;920;2425230570;2
207;359;0;767;880;2425230577;2
202;354;0;779;830;2425230584;2
197;347;0;790;810;2425230591;2
192;340;0;794;770;2425230598;2
187;331;0;797;790;2425230605;2
183;323;0;800;810;2425230612;2
179;313;0;798;790;2425230619;2
177;304;0;800;770;2425230626;2
174;296;0;800;780;2425230633;2
173;287;0;800;780;2425230640;2
172;279;0;802;800;2425230647;2
172;270;0;798;830;2425230654;2
171;262;0;800;810;2425230661;2
171;253;0;804;780;2425230668;2
172;244;0;802;780;2425230675;2
172;234;0;817;780;2425230683;2
173;225;0;830;800;2425230690;2
175;215;0;842;800;2425230697;2
177;206;0;850;820;2425230704;2
180;197;0;856;840;2425230711;2
184;190;0;853;860;2425230718;2
189;185;0;842;880;2425230725;2
195;181;0;851;900;2425230732;2
202;179;0;848;880;2425230739;2
209;177;0;844;850;2425230746;2
216;177;0;840;850;2425230753;2
224;177;0;828;820;2425230760;2
231;178;0;811;800;2425230767;2
238;179;0;792;750;2425230774;2
245;180;0;777;730;2425230781;2
252;181;0;763;740;2425230788;2
258;182;0;759;750;2425230795;2
264;184;0;759;730;2425230802;2
269;184;0;764;740;2425230809;2
274;184;0;782;740;2425230816;2
279;184;0;810;730;2425230823;2
285;183;0;837;720;2425230830;2
291;182;0;858;740;2425230837;2
298;182;0;866;720;2425230844;2
305;182;0;868;770;2425230851;2
312;183;0;869;780;2425230858;2
319;184;0;866;750;2425230866;2
325;186;0;859;730;2425230873;2
331;189;0;850;690;2425230880;2
337;192;0;833;640;2425230887;2
342;196;0;815;530;2425230894;2
348;200;0;797;590;2425230901;2
353;204;0;783;720;2425230908;2
357;209;0;780;820;2425230915;2
361;214;0;777;900;2425230922;2
364;219;0;779;900;2425230929;2
367;224;0;792;870;2425230936;2
369;229;0;807;840;2425230943;2
371;234;0;825;810;2425230950;2
373;240;0;832;790;2425230957;2
374;246;0;833;760;2425230964;2
375;253;0;836;790;2425230971;2
377;260;0;837;790;2425230978;2
378;267;0;833;790;2425230985;2
378;275;0;833;750;2425230992;2
379;283;0;828;650;2425230999;2
379;290;0;818;580;2425231006;2
379;297;0;811;600;2425231013;2
378;303;0;808;650;2425231020;2
376;309;0;806;720;2425231027;2
374;313;0;808;810;2425231034;2
371;318;0;809;810;2425231041;2
368;322;0;812;840;2425231049;2
365;326;0;820;850;2425231056;2
361;330;0;818;850;2425231063;2
357;334;0;829;850;2425231070;2
353;339;0;830;820;2425231077;2
349;344;0;830;870;2425231084;2
345;350;0;830;930;2425231091;2
341;355;0;828;990;2425231098;2
337;361;0;821;1050;2425231105;2
333;366;0;806;1010;2425231112;2
328;371;0;793;990;2425231119;2
323;375;0;779;950;2425231126;2
317;380;0;778;930;2425231133;2
310;383;0;777;900;2425231140;2
303;387;0;779;870;2425231147;2
296;389;0;790;870;2425231154;2
289;391;0;806;870;2425231161;2
282;391;0;828;930;2425231168;2
275;391;0;843;930;2425231175;2
267;390;0;858;950;2425231182;2
260;389;0;863;930;2425231189;2
252;387;0;865;900;2425231196;2
245;386;0;864;900;2425231203;2
239;385;0;867;900;2425231210;2
234;385;0;858;900;2425231217;2
230;385;0;847;900;2425231224;2
226;386;0;837;900;2425231231;2
223;386;0;825;900;2425231239;2
219;386;0;812;900;2425231246;2
216;385;0;797;900;2425231253;2
212;383;0;784;900;2425231260;2
208;379;0;779;900;2425231267;2
203;373;0;771;880;2425231274;2
197;366;0;779;860;2425231281;2
192;358;0;784;810;2425231288;2
187;347;0;794;860;2425231295;2
182;337;0;809;900;2425231302;2
177;325;0;822;920;2425231309;2
172;314;0;830;930;2425231316;2
168;303;0;839;930;2425231323;2
164;294;0;850;940;2425231330;2
162;286;0;851;970;2425231337;2
160;280;0;853;990;2425231344;2
160;276;0;853;1010;2425231351;2
161;272;0;854;980;2425231358;2
162;270;0;852;980;2425231365;2
164;267;0;842;950;2425231372;2
166;264;0;834;930;2425231379;2
169;261;0;826;900;2425231386;2
171;256;0;819;900;2425231393;2
173;249;0;812;900;2425231400;2
175;242;0;809;900;2425231407;2
177;234;0;807;920;2425231414;2
180;225;0;808;920;2425231422;2
182;215;0;811;920;2425231429;2
185;206;0;812;920;2425231436;2
187;196;0;817;940;2425231443;2
190;187;0;822;940;2425231450;2
193;177;0;813;940;2425231457;2
196;168;0;836;940;2425231464;2
200;161;0;842;920;2425231471;2
205;155;0;845;920;2425231478;2
210;150;0;846;970;2425231485;2
216;148;0;846;1020;2425231492;2
223;148;0;843;1050;2425231499;2
231;148;0;839;1060;2425231506;2
240;150;0;835;1030;2425231513;2
250;153;0;833;970;2425231520;2
260;155;0;828;930;2425231527;2
269;157;0;830;930;2425231534;2
278;160;0;833;930;2425231541;2
287;162;0;838;970;2425231548;2
296;165;0;839;990;2425231555;2
304;170;0;841;980;2425231562;2
312;175;0;842;940;2425231569;2
320;181;0;845;900;2425231576;2
327;188;0;844;870;2425231583;2
335;195;0;842;900;2425231590;2
342;202;0;840;940;2425231597;2
349;210;0;839;970;2425231605;2
356;217;0;826;1040;2425231612;2
362;224;0;819;970;2425231619;2
367;230;0;812;900;2425231626;2
371;236;0;795;870;2425231633;2
374;242;0;789;810;2425231640;2
377;247;0;789;810;2425231647;2
380;252;0;792;810;2425231654;2
382;257;0;802;830;2425231661;2
384;263;0;815;800;2425231668;2
386;270;0;829;760;2425231675;2
388;279;0;841;670;2425231682;2
390;287;0;845;640;2425231689;2
393;296;0;858;670;2425231696;2
394;304;0;859;690;2425231703;2
396;311;0;860;750;2425231710;2
397;318;0;843;830;2425231717;2
397;325;0;816;790;2425231724;2
396;331;0;794;790;2425231731;2
394;337;0;780;750;2425231738;2
391;343;0;770;830;2425231745;2
387;349;0;755;900;2425231752;2
383;354;0;749;930;2425231759;2
379;360;0;748;980;2425231766;2
375;365;0;751;950;2425231773;2
371;371;0;765;900;2425231780;2
366;376;0;779;900;2425231787;2
362;380;0;793;880;2425231795;2
358;384;0;800;850;2425231802;2
353;387;0;802;820;2425231809;2
349;389;0;800;810;2425231816;2
345;391;0;792;870;2425231823;2
340;393;0;779;900;2425231830;2
335;394;0;773;930;2425231837;2
329;395;0;771;950;2425231844;2
322;397;0;767;950;2425231851;2
316;398;0;767;920;2425231858;2
308;398;0;767;950;2425231865;2
301;399;0;772;930;2425231872;2
295;399;0;775;950;2425231879;2
289;399;0;781;950;2425231886;2
283;398;0;785;950;2425231893;2
278;397;0;785;950;2425231900;2
273;396;0;787;950;2425231907;2
268;394;0;789;970;2425231914;2
262;392;0;788;920;2425231921;2
257;391;0;787;920;2425231928;2
251;389;0;789;900;2425231935;2
245;386;0;788;870;2425231942;2
239;384;0;792;900;2425231949;2
233;380;0;793;870;2425231956;2
226;376;0;796;900;2425231963;2
219;371;0;797;900;2425231970;2
211;365;0;799;880;2425231978;2
204;359;0;793;840;2425231985;2
198;352;0;795;800;2425231992;2
192;344;0;795;790;2425231999;2
187;337;0;792;830;2425232006;2
184;329;0;790;850;2425232013;2
180;322;0;792;850;2425232020;2
178;316;0;790;830;2425232027;2
176;309;0;792;810;2425232034;2
174;303;0;790;790;2425232041;2
172;297;0;790;810;2425232048;2
171;290;0;790;830;2425232055;2
170;283;0;792;870;2425232062;2
170;275;0;795;870;2425232069;2
169;266;0;798;870;2425232076;2
169;256;0;800;850;2425232083;2
169;246;0;800;850;2425232090;2
169;234;0;801;870;2425232097;2
171;223;0;804;870;2425232104;2
173;213;0;801;880;2425232111;2
175;203;0;803;880;2425232118;2
179;195;0;801;880;2425232125;2
183;189;0;795;880;2425232132;2
188;184;0;809;860;2425232139;2
194;179;0;815;860;2425232146;2
201;176;0;825;860;2425232153;2
207;172;0;839;860;2425232161;2
214;169;0;848;880;2425232168;2
222;167;0;854;900;2425232175;2
230;164;0;863;900;2425232182;2
238;163;0;860;900;2425232189;2
247;162;0;860;900;2425232196;2
256;161;0;863;930;2425232203;2
265;162;0;861;930;2425232210;2
275;163;0;863;950;2425232217;2
284;166;0;861;950;2425232224;2
294;169;0;853;960;2425232231;2
304;172;0;844;930;2425232238;2
314;175;0;829;900;2425232245;2
323;179;0;816;870;2425232252;2
331;181;0;800;840;2425232259;2
338;184;0;788;800;2425232266;2
345;186;0;782;780;2425232273;2
350;187;0;783;760;2425232280;2
354;189;0;783;740;2425232287;2
358;190;0;792;760;2425232294;2
361;192;0;802;750;2425232301;2
364;194;0;814;730;2425232308;2
367;198;0;825;780;2425232315;2
370;203;0;836;830;2425232322;2
373;208;0;848;880;2425232329;2
376;215;0;858;900;2425232336;2
379;222;0;869;880;2425232343;2
382;228;0;876;830;2425232351;2
385;233;0;879;800;2425232358;2
388;238;0;874;760;2425232365;2
391;243;0;850;700;2425232372;2
393;249;0;818;720;2425232379;2
395;254;0;779;710;2425232386;2
396;261;0;747;710;2425232393;2
397;267;0;715;700;2425232400;2
397;275;0;699;670;2425232407;2
397;282;0;695;610;2425232414;2
397;290;0;695;560;2425232421;2
395;298;0;699;600;2425232428;2
394;306;0;726;630;2425232435;2
391;312;0;749;690;2425232442;2
387;318;0;776;760;2425232449;2
383;322;0;792;750;2425232456;2
378;326;0;792;750;2425232463;2
373;329;0;793;780;2425232470;2
368;332;0;784;780;2425232477;2
362;334;0;774;770;2425232484;2
356;336;0;757;760;2425232491;2
350;338;0;736;730;2425232498;2
344;341;0;726;700;2425232505;2
338;344;0;724;700;2425232512;2
333;348;0;722;750;2425232519;2
327;352;0;729;810;2425232526;2
321;356;0;744;860;2425232534;2
316;360;0;761;900;2425232541;2
310;364;0;774;900;2425232548;2
305;369;0;784;880;2425232555;2
299;373;0;786;850;2425232562;2
294;376;0;786;830;2425232569;2
289;379;0;785;820;2425232576;2
283;380;0;785;820;2425232583;2
278;381;0;790;850;2425232590;2
272;381;0;784;850;2425232597;2
266;381;0;787;860;2425232604;2
259;379;0;782;860;2425232611;2
252;376;0;782;880;2425232618;2
245;373;0;783;900;2425232625;2
237;369;0;783;900;2425232632;2
229;366;0;787;940;2425232639;2
222;362;0;801;940;2425232646;2
214;358;0;811;900;2425232653;2
207;354;0;819;880;2425232660;2
199;351;0;825;850;2425232667;2
193;348;0;826;800;2425232674;2
187;345;0;818;830;2425232681;2
182;343;0;825;850;2425232688;2
178;340;0;821;880;2425232695;2
174;337;0;817;900;2425232702;2
171;333;0;815;900;2425232709;2
168;329;0;808;900;2425232717;2
166;324;0;803;900;2425232724;2
163;319;0;796;900;2425232731;2
161;314;0;785;890;2425232738;2
158;308;0;786;860;2425232745;2
156;301;0;782;840;2425232752;2
153;294;0;781;830;2425232759;2
151;286;0;781;850;2425232766;2
148;278;0;780;870;2425232773;2
147;269;0;788;870;2425232780;2
145;260;0;788;870;2425232787;2
145;252;0;798;870;2425232794;2
146;243;0;799;870;2425232801;2
147;235;0;801;870;2425232808;2
150;228;0;810;870;2425232815;2
154;222;0;813;870;2425232822;2
159;216;0;815;880;2425232829;2
164;211;0;819;880;2425232836;2
170;206;0;816;900;2425232843;2
175;201;0;816;880;2425232850;2
181;196;0;821;870;2425232857;2
186;190;0;814;880;2425232864;2
192;185;0;821;880;2425232871;2
197;179;0;825;880;2425232878;2
203;175;0;827;900;2425232885;2
209;171;0;831;920;2425232892;2
216;168;0;841;920;2425232899;2
223;167;0;841;940;2425232907;2
230;166;0;847;940;2425232914;2
238;165;0;848;950;2425232921;2
246;165;0;848;960;2425232928;2
255;165;0;847;990;2425232935;2
263;165;0;848;980;2425232942;2
271;164;0;838;980;2425232949;2
278;165;0;840;950;2425232956;2
286;166;0;834;930;2425232963;2
293;168;0;827;930;2425232970;2
301;170;0;817;900;2425232977;2
308;173;0;805;900;2425232984;2
315;177;0;800;850;2425232991;2
321;180;0;801;820;2425232998;2
327;183;0;802;790;2425233005;2
332;186;0;806;760;2425233012;2
337;189;0;812;760;2425233019;2
341;192;0;822;720;2425233026;2
346;196;0;836;800;2425233033;2
351;201;0;838;870;2425233040;2
356;206;0;858;900;2425233047;2
361;213;0;853;940;2425233054;2
366;221;0;851;920;2425233061;2
372;230;0;850;880;2425233068;2
377;239;0;841;810;2425233075;2
381;248;0;823;800;2425233082;2
385;258;0;812;760;2425233090;2
389;267;0;799;720;2425233097;2
391;277;0;787;680;2425233104;2
393;286;0;779;610;2425233111;2
394;295;0;776;610;2425233118;2
394;305;0;775;650;2425233125;2
394;313;0;776;670;2425233132;2
393;321;0;782;700;2425233139;2
391;327;0;795;700;2425233146;2
389;332;0;812;690;2425233153;2
387;336;0;820;690;2425233160;2
384;339;0;825;700;2425233167;2
382;342;0;825;710;2425233174;2
379;343;0;827;710;2425233181;2
376;344;0;823;720;2425233188;2
372;346;0;812;760;2425233195;2
368;348;0;797;830;2425233202;2
363;350;0;794;880;2425233209;2
359;353;0;795;900;2425233216;2
354;356;0;797;900;2425233223;2
349;360;0;803;880;2425233230;2
344;365;0;803;850;2425233237;2
339;369;0;808;830;2425233244;2
335;373;0;807;810;2425233251;2
330;378;0;800;790;2425233258;2
326;382;0;807;790;2425233265;2
321;386;0;807;790;2425233273;2
317;389;0;808;780;2425233280;2
313;391;0;808;780;2425233287;2
308;392;0;800;780;2425233294;2
303;393;0;807;810;2425233301;2
298;392;0;798;830;2425233308;2
292;391;0;788;850;2425233315;2
287;389;0;778;870;2425233322;2
280;387;0;777;850;2425233329;2
274;385;0;770;880;2425233336;2
267;384;0;772;880;2425233343;2
260;383;0;774;880;2425233350;2
254;382;0;786;880;2425233357;2
247;381;0;804;880;2425233364;2
240;380;0;817;880;2425233371;2
233;379;0;825;880;2425233378;2
227;378;0;827;880;2425233385;2
221;377;0;826;880;2425233392;2
216;376;0;827;900;2425233399;2
211;374;0;827;900;2425233406;2
206;371;0;825;880;2425233413;2
202;369;0;811;850;2425233420;2
198;365;0;806;810;2425233427;2
195;362;0;796;790;2425233434;2
191;357;0;790;780;2425233441;2
188;352;0;786;780;2425233448;2
184;346;0;784;810;2425233456;2
181;340;0;784;830;2425233463;2
177;333;0;781;870;2425233470;2
173;326;0;781;880;2425233477;2
169;318;0;782;880;2425233484;2
165;310;0;786;890;2425233491;2
161;301;0;795;900;2425233498;2
157;291;0;805;900;2425233505;2
153;282;0;814;910;2425233512;2
150;272;0;821;900;2425233519;2
148;262;0;830;900;2425233526;2
147;254;0;838;900;2425233533;2
148;246;0;839;890;2425233540;2
150;240;0;839;890;2425233547;2
153;235;0;839;890;2425233554;2
158;230;0;836;890;2425233561;2
163;227;0;828;890;2425233568;2
168;223;0;825;890;2425233575;2
174;219;0;822;870;2425233582;2
181;216;0;823;850;2425233589;2
187;212;0;818;860;2425233596;2
195;207;0;821;860;2425233603;2
202;203;0;821;900;2425233610;2
209;198;0;827;900;2425233617;2
217;193;0;831;900;2425233624;2
224;188;0;828;900;2425233631;2
232;184;0;839;880;2425233638;2
241;180;0;839;900;2425233646;2
249;176;0;840;930;2425233653;2
258;174;0;839;930;2425233660;2
267;174;0;840;950;2425233667;2
275;174;0;845;950;2425233674;2
283;174;0;844;930;2425233681;2
291;176;0;837;900;2425233688;2
298;178;0;835;870;2425233695;2
305;181;0;831;840;2425233702;2
310;183;0;832;820;2425233709;2
316;186;0;831;800;2425233716;2
320;189;0;835;780;2425233723;2
324;192;0;833;750;2425233730;2
327;195;0;839;750;2425233737;2
330;200;0;851;810;2425233744;2
334;204;0;863;880;2425233751;2
338;210;0;878;900;2425233758;2
342;216;0;873;950;2425233765;2
346;224;0;874;900;2425233772;2
352;232;0;872;900;2425233779;2
357;241;0;864;870;2425233786;2
361;250;0;848;870;2425233793;2
365;258;0;825;850;2425233800;2
368;266;0;805;820;2425233807;2
370;274;0;786;780;2425233814;2
371;282;0;776;710;2425233821;2
372;290;0;773;680;2425233829;2
372;297;0;773;680;2425233836;2
372;303;0;774;720;2425233843;2
370;309;0;779;750;2425233850;2
368;315;0;787;810;2425233857;2
366;320;0;800;780;2425233864;2
364;324;0;815;790;2425233871;2
361;329;0;823;770;2425233878;2
359;333;0;822;770;2425233885;2
356;337;0;825;740;2425233892;2
352;342;0;825;710;2425233899;2
349;346;0;823;740;2425233906;2
345;350;0;823;750;2425233913;2
341;354;0;821;810;2425233920;2
336;358;0;818;870;2425233927;2
332;362;0;815;850;2425233934;2
327;365;0;816;850;2425233941;2
322;368;0;818;830;2425233948;2
317;371;0;817;810;2425233955;2
312;374;0;816;810;2425233962;2
306;376;0;818;800;2425233969;2
300;378;0;816;790;2425233976;2
294;378;0;818;790;2425233983;2
289;378;0;810;800;2425233990;2
283;377;0;816;830;2425233997;2
277;376;0;816;830;2425234004;2
271;375;0;815;860;2425234012;2
265;373;0;811;880;2425234019;2
259;372;0;796;880;2425234026;2
253;372;0;797;880;2425234033;2
246;371;0;790;880;2425234040;2
240;370;0;797;880;2425234047;2
233;369;0;802;900;2425234054;2
227;367;0;812;900;2425234061;2
221;365;0;826;900;2425234068;2
214;362;0;842;920;2425234075;2
208;358;0;852;880;2425234082;2
201;354;0;858;850;2425234089;2
195;348;0;859;820;2425234096;2
189;343;0;858;800;2425234103;2
184;337;0;851;830;2425234110;2
180;332;0;844;850;2425234117;2
176;327;0;835;880;2425234124;2
173;322;0;822;870;2425234131;2
169;318;0;809;870;2425234138;2
166;314;0;801;860;2425234145;2
163;310;0;790;860;2425234152;2
160;305;0;787;830;2425234159;2
156;300;0;785;820;2425234166;2
153;294;0;787;830;2425234173;2
150;288;0;792;820;2425234180;2
147;281;0;800;860;2425234187;2
144;273;0;812;870;2425234194;2
142;266;0;821;860;2425234202;2
141;258;0;827;850;2425234209;2
140;250;0;833;860;2425234216;2
141;242;0;834;860;2425234223;2
142;235;0;832;870;2425234230;2
145;230;0;833;870;2425234237;2
148;225;0;833;860;2425234244;2
151;221;0;830;840;2425234251;2
156;218;0;825;840;2425234258;2
160;216;0;821;840;2425234265;2
165;213;0;819;840;2425234272;2
170;210;0;821;840;2425234279;2
175;207;0;820;840;2425234286;2
180;203;0;819;830;2425234293;2
185;199;0;827;830;2425234300;2
190;194;0;832;850;2425234307;2
196;188;0;833;850;2425234314;2
202;183;0;848;860;2425234321;2
209;177;0;859;880;2425234328;2
216;171;0;860;880;2425234335;2
224;166;0;856;900;2425234342;2
232;161;0;865;900;2425234349;2
240;156;0;868;920;2425234356;2
248;153;0;868;920;2425234363;2
256;151;0;871;950;2425234370;2
264;150;0;871;950;2425234377;2
272;150;0;866;920;2425234385;2
279;151;0;862;930;2425234392;2
287;153;0;858;900;2425234399;2
294;154;0;854;870;2425234406;2
301;156;0;853;870;2425234413;2
307;156;0;854;850;2425234420;2
313;156;0;862;880;2425234427;2
319;155;0;877;880;2425234434;2
326;155;0;891;900;2425234441;2
332;157;0;899;900;2425234448;2
339;160;0;902;900;2425234455;2
346;165;0;893;900;2425234462;2
353;172;0;897;870;2425234469;2
359;180;0;884;810;2425234476;2
366;190;0;865;760;2425234483;2
372;200;0;843;770;2425234490;2
377;211;0;820;760;2425234497;2
381;222;0;803;790;2425234504;2
384;232;0;792;760;2425234511;2
386;242;0;788;680;2425234518;2
388;251;0;788;650;2425234525;2
389;260;0;800;590;2425234532;2
389;269;0;813;590;2425234539;2
389;276;0;828;570;2425234546;2
389;283;0;840;520;2425234553;2
389;290;0;848;490;2425234560;2
389;296;0;858;540;2425234568;2
388;302;0;860;580;2425234575;2
387;306;0;863;630;2425234582;2
385;310;0;863;690;2425234589;2
383;314;0;856;690;2425234596;2
380;317;0;843;670;2425234603;2
377;320;0;834;700;2425234610;2
373;323;0;825;700;2425234617;2
369;327;0;818;720;2425234624;2
365;331;0;818;720;2425234631;2
361;335;0;816;710;2425234638;2
356;339;0;816;680;2425234645;2
351;343;0;818;630;2425234652;2
346;348;0;820;660;2425234659;2
342;352;0;826;700;2425234666;2
337;356;0;825;760;2425234673;2
331;360;0;825;830;2425234680;2
326;364;0;825;810;2425234687;2
321;368;0;818;810;2425234694;2
317;371;0;814;800;2425234701;2
312;375;0;812;780;2425234708;2
308;378;0;806;750;2425234715;2
303;381;0;805;740;2425234722;2
298;383;0;804;720;2425234729;2
292;385;0;805;710;2425234736;2
286;386;0;807;720;2425234743;2
280;386;0;812;750;2425234750;2
274;386;0;811;760;2425234758;2
267;385;0;812;790;2425234765;2
261;385;0;810;790;2425234772;2
254;384;0;812;790;2425234779;2
247;383;0;809;810;2425234786;2
239;382;0;811;790;2425234793;2
233;381;0;809;800;2425234800;2
227;379;0;801;800;2425234807;2
221;377;0;810;810;2425234814;2
216;376;0;809;830;2425234821;2
212;374;0;809;830;2425234828;2
207;372;0;802;810;2425234835;2
203;370;0;809;780;2425234842;2
199;367;0;811;760;2425234849;2
195;363;0;810;730;2425234856;2
191;358;0;809;730;2425234863;2
187;353;0;809;750;2425234870;2
184;346;0;808;780;2425234877;2
180;339;0;810;800;2425234884;2
177;331;0;804;830;2425234891;2
173;323;0;800;830;2425234898;2
170;315;0;798;840;2425234905;2
167;307;0;799;840;2425234912;2
164;298;0;803;860;2425234919;2
161;290;0;806;880;2425234926;2
159;283;0;815;880;2425234933;2
157;275;0;827;880;2425234941;2
157;268;0;837;860;2425234948;2
157;260;0;843;850;2425234955;2
157;252;0;846;860;2425234962;2
158;243;0;848;880;2425234969;2
161;235;0;850;880;2425234976;2
164;226;0;845;860;2425234983;2
167;217;0;841;850;2425234990;2
172;209;0;833;830;2425234997;2
178;201;0;832;820;2425235004;2
184;193;0;831;850;2425235011;2
191;186;0;823;870;2425235018;2
198;179;0;830;880;2425235025;2
205;173;0;833;880;2425235032;2
213;168;0;833;880;2425235039;2
220;164;0;842;860;2425235046;2
228;162;0;854;880;2425235053;2
236;161;0;862;850;2425235060;2
245;162;0;871;850;2425235067;2
255;165;0;877;820;2425235074;2
265;169;0;877;790;2425235081;2
275;174;0;878;760;2425235088;2
285;180;0;874;710;2425235095;2
296;186;0;854;660;2425235102;2
306;191;0;833;610;2425235109;2
315;197;0;810;660;2425235116;2
324;203;0;795;730;2425235124;2
332;211;0;786;760;2425235131;2
340;220;0;770;810;2425235138;2
347;231;0;762;760;2425235145;2
355;244;0;753;700;2425235152;2
362;256;0;723;690;2425235159;2
367;268;0;621;640;2425235166;2
369;279;0;168;580;2425235173;2
369;279;0;0;510;2425235180;2
360;291;176;0;480;2425235187;2
351;291;405;0;410;2425235194;2
338;288;581;0;460;2425235201;2
338;288;581;0;460;2425235222;2
