372;203;0;60;1330;4924970;0
375;201;0;191;1350;4924977;0
377;200;0;193;1350;4924984;0
379;199;0;181;1370;4924991;0
381;198;0;169;1350;4924998;0
382;198;0;142;1370;4925005;0
383;197;0;62;1350;4925013;0
380;193;0;136;1300;4925086;0
379;193;0;205;1300;4925093;0
378;192;0;231;1310;4925100;0
377;192;0;243;1310;4925107;0
375;192;0;256;1330;4925114;0
374;192;0;267;1310;4925121;0
372;193;0;268;1300;4925128;0
370;193;0;270;1300;4925135;0
369;193;0;270;1280;4925142;0
367;193;0;271;1300;4925150;0
366;193;0;273;1300;4925157;0
364;193;0;289;1300;4925164;0
363;193;0;317;1300;4925171;0
362;193;0;355;1300;4925178;0
362;192;0;396;1320;4925185;0
362;192;0;432;1350;4925192;0
361;191;0;464;1350;4925199;0
361;191;0;489;1350;4925206;0
361;190;0;506;1330;4925213;0
362;190;0;514;1330;4925220;0
362;190;0;515;1330;4925227;0
363;190;0;515;1350;4925234;0
364;190;0;513;1370;4925241;0
364;190;0;508;1350;4925248;0
364;191;0;502;1330;4925255;0
364;191;0;495;1310;4925262;0
363;192;0;490;1280;4925269;0
363;192;0;487;1280;4925276;0
362;192;0;488;1280;4925283;0
362;192;0;489;1280;4925290;0
362;192;0;493;1280;4925297;0
362;192;0;503;1280;4925304;0
363;192;0;509;1310;4925311;0
364;191;0;516;1310;4925318;0
364;191;0;526;1310;4925325;0
365;191;0;537;1330;4925333;0
366;190;0;549;1350;4925340;0
366;190;0;561;1350;4925347;0
366;190;0;566;1330;4925354;0
367;190;0;571;1330;4925361;0
367;190;0;574;1310;4925368;0
367;190;0;574;1300;4925375;0
366;190;0;574;1280;4925382;0
366;190;0;574;1300;4925389;0
366;190;0;573;1300;4925396;0
366;190;0;570;1300;4925403;0
366;190;0;567;1300;4925410;0
366;189;0;565;1300;4925417;0
367;189;0;563;1300;4925424;0
367;188;0;562;1310;4925431;0
367;187;0;562;1350;4925438;0
368;186;0;562;1370;4925445;0
368;186;0;563;1370;4925452;0
368;185;0;564;1350;4925459;0
367;185;0;566;1350;4925466;0
367;184;0;569;1350;4925473;0
366;184;0;572;1310;4925480;0
364;184;0;574;1350;4925487;0
362;184;0;577;1330;4925494;0
360;185;0;577;1330;4925501;0
358;186;0;577;1350;4925508;0
356;187;0;576;1320;4925515;0
354;188;0;575;1300;4925523;0
352;188;0;571;1280;4925530;0
350;188;0;566;1250;4925537;0
349;188;0;561;1230;4925544;0
348;188;0;559;1230;4925551;0
347;188;0;559;1250;4925558;0
346;187;0;559;1250;4925565;0
346;186;0;559;1290;4925572;0
345;185;0;561;1290;4925579;0
345;184;0;563;1270;4925586;0
345;184;0;568;1270;4925593;0
345;183;0;573;1250;4925600;0
345;183;0;578;1270;4925607;0
344;183;0;582;1270;4925614;0
343;183;0;581;1270;4925621;0
342;184;0;580;1270;4925628;0
340;185;0;580;1270;4925635;0
338;185;0;577;1280;4925642;0
336;186;0;572;1300;4925649;0
334;187;0;568;1290;4925656;0
332;187;0;565;1290;4925663;0
330;188;0;563;1250;4925670;0
329;188;0;564;1290;4925677;0
329;187;0;565;1250;4925684;0
329;186;0;568;1270;4925691;0
329;186;0;575;1250;4925698;0
330;185;0;581;1250;4925706;0
331;185;0;588;1240;4925713;0
331;184;0;594;1250;4925720;0
331;184;0;596;1250;4925727;0
331;184;0;596;1270;4925734;0
331;185;0;596;1270;4925741;0
331;185;0;596;1290;4925748;0
330;186;0;596;1290;4925755;0
329;187;0;595;1290;4925762;0
329;188;0;594;1290;4925769;0
328;189;0;589;1290;4925776;0
327;190;0;586;1290;4925783;0
325;192;0;583;1240;4925790;0
325;193;0;581;1240;4925797;0
324;193;0;580;1200;4925804;0
323;194;0;580;1200;4925811;0
323;194;0;581;1200;4925818;0
322;194;0;583;1200;4925825;0
322;194;0;589;1200;4925832;0
322;194;0;596;1200;4925839;0
322;194;0;602;1200;4925846;0
322;194;0;604;1200;4925853;0
322;195;0;607;1200;4925860;0
322;195;0;611;1200;4925867;0
322;195;0;613;1190;4925874;0
322;196;0;617;1190;4925881;0
322;196;0;614;1170;4925889;0
323;197;0;614;1190;4925896;0
323;198;0;613;1170;4925903;0
323;198;0;616;1200;4925910;0
323;199;0;602;1220;4925917;0
323;200;0;611;1240;4925924;0
322;200;0;600;1280;4925931;0
321;201;0;600;1260;4925938;0
320;201;0;599;1260;4925945;0
319;201;0;600;1260;4925952;0
319;201;0;598;1250;4925959;0
318;201;0;603;1250;4925966;0
317;202;0;605;1260;4925973;0
317;202;0;608;1260;4925980;0
316;203;0;611;1260;4925987;0
315;203;0;611;1260;4925994;0
315;204;0;611;1250;4926001;0
315;205;0;612;1260;4926008;0
314;205;0;612;1260;4926015;0
314;206;0;611;1250;4926022;0
314;207;0;611;1250;4926029;0
314;207;0;611;1250;4926036;0
314;208;0;610;1250;4926043;0
313;208;0;609;1260;4926050;0
313;209;0;608;1240;4926057;0
313;209;0;609;1230;4926064;0
313;209;0;611;1230;4926071;0
313;210;0;610;1240;4926079;0
313;210;0;612;1230;4926086;0
313;210;0;610;1250;4926093;0
313;210;0;611;1230;4926100;0
313;210;0;611;1240;4926107;0
313;211;0;613;1240;4926114;0
313;211;0;617;1240;4926121;0
314;212;0;621;1240;4926128;0
315;212;0;627;1250;4926135;0
315;213;0;627;1260;4926142;0
316;213;0;627;1260;4926149;0
317;214;0;627;1270;4926156;0
318;215;0;627;1270;4926163;0
319;216;0;629;1270;4926170;0
320;217;0;625;1270;4926177;0
320;218;0;623;1250;4926184;0
321;218;0;622;1240;4926191;0
321;219;0;621;1240;4926198;0
321;220;0;627;1250;4926205;0
321;220;0;622;1270;4926212;0
322;220;0;623;1290;4926219;0
322;221;0;627;1300;4926226;0
323;221;0;623;1280;4926233;0
324;222;0;625;1270;4926240;0
325;222;0;627;1250;4926247;0
326;222;0;627;1250;4926254;0
327;223;0;628;1250;4926262;0
328;223;0;627;1290;4926269;0
329;224;0;628;1300;4926276;0
329;225;0;628;1290;4926283;0
330;225;0;629;1290;4926290;0
331;226;0;627;1280;4926297;0
332;227;0;627;1280;4926304;0
333;227;0;630;1280;4926311;0
333;228;0;627;1280;4926318;0
334;228;0;627;1280;4926325;0
335;229;0;627;1280;4926332;0
335;229;0;627;1280;4926339;0
336;229;0;625;1280;4926346;0
336;230;0;627;1260;4926353;0
337;230;0;627;1270;4926360;0
337;231;0;628;1280;4926367;0
339;231;0;630;1280;4926374;0
341;231;0;631;1280;4926381;0
343;231;0;632;1280;4926388;0
345;231;0;632;1270;4926395;0
347;232;0;632;1270;4926402;0
349;232;0;632;1280;4926409;0
350;233;0;632;1280;4926416;0
351;233;0;630;1320;4926423;0
352;234;0;629;1320;4926430;0
352;235;0;629;1320;4926437;0
353;236;0;628;1320;4926445;0
353;237;0;625;1320;4926452;0
352;238;0;624;1320;4926459;0
352;238;0;623;1320;4926466;0
351;239;0;625;1280;4926473;0
351;240;0;625;1270;4926480;0
351;240;0;624;1270;4926487;0
351;240;0;629;1270;4926494;0
352;240;0;627;1270;4926501;0
353;240;0;627;1300;4926508;0
355;240;0;630;1280;4926515;0
356;240;0;631;1280;4926522;0
358;240;0;632;1300;4926529;0
359;240;0;633;1280;4926536;0
361;241;0;634;1300;4926543;0
362;241;0;633;1300;4926550;0
363;241;0;634;1310;4926557;0
364;242;0;634;1310;4926564;0
365;242;0;632;1310;4926571;0
365;242;0;632;1310;4926578;0
365;243;0;631;1300;4926585;0
365;243;0;627;1310;4926592;0
366;243;0;629;1330;4926599;0
366;243;0;629;1350;4926606;0
366;243;0;629;1350;4926613;0
367;243;0;632;1350;4926620;0
369;243;0;633;1350;4926628;0
370;243;0;634;1350;4926635;0
372;243;0;635;1350;4926642;0
374;243;0;637;1370;4926649;0
375;243;0;637;1350;4926656;0
377;243;0;638;1350;4926663;0
378;243;0;637;1330;4926670;0
379;243;0;637;1330;4926677;0
380;243;0;637;1350;4926684;0
381;243;0;636;1370;4926691;0
382;244;0;635;1370;4926698;0
382;244;0;632;1370;4926705;0
382;244;0;631;1370;4926712;0
383;244;0;632;1370;4926719;0
383;244;0;627;1370;4926726;0
383;244;0;629;1370;4926733;0
384;244;0;627;1370;4926740;0
384;244;0;628;1370;4926747;0
385;244;0;629;1370;4926754;0
386;243;0;629;1370;4926761;0
387;243;0;633;1370;4926768;0
388;242;0;637;1370;4926775;0
389;242;0;639;1390;4926782;0
389;242;0;641;1390;4926789;0
390;241;0;641;1390;4926796;0
391;241;0;647;1370;4926803;0
392;241;0;643;1370;4926810;0
393;241;0;643;1390;4926818;0
394;242;0;644;1370;4926825;0
395;242;0;644;1390;4926832;0
396;242;0;638;1410;4926839;0
396;242;0;635;1410;4926846;0
396;243;0;630;1410;4926853;0
395;243;0;629;1370;4926860;0
395;243;0;633;1390;4926867;0
395;243;0;632;1370;4926874;0
395;242;0;632;1370;4926881;0
395;242;0;635;1390;4926888;0
395;241;0;641;1350;4926895;0
397;241;0;645;1370;4926902;0
398;240;0;648;1370;4926909;0
400;240;0;654;1350;4926916;0
401;239;0;653;1370;4926923;0
402;239;0;654;1370;4926930;0
404;239;0;654;1370;4926937;0
405;239;0;653;1370;4926944;0
407;239;0;654;1370;4926951;0
409;239;0;652;1350;4926958;0
410;239;0;652;1330;4926965;0
411;240;0;649;1330;4926972;0
412;240;0;641;1310;4926979;0
412;240;0;634;1330;4926986;0
412;240;0;628;1330;4926993;0
412;240;0;623;1350;4927001;0
412;240;0;622;1350;4927008;0
412;240;0;624;1370;4927015;0
412;239;0;625;1390;4927022;0
413;239;0;623;1390;4927029;0
414;238;0;630;1390;4927036;0
416;237;0;641;1390;4927043;0
417;237;0;645;1420;4927050;0
419;237;0;648;1370;4927057;0
420;237;0;652;1370;4927064;0
421;237;0;651;1370;4927071;0
422;237;0;651;1370;4927078;0
422;238;0;651;1370;4927085;0
423;239;0;649;1400;4927092;0
423;240;0;641;1400;4927099;0
424;241;0;632;1370;4927106;0
424;241;0;623;1400;4927113;0
424;242;0;616;1400;4927120;0
424;242;0;614;1400;4927127;0
425;242;0;615;1400;4927134;0
426;241;0;614;1370;4927141;0
427;241;0;618;1370;4927148;0
428;240;0;624;1370;4927155;0
430;240;0;632;1370;4927162;0
432;240;0;646;1370;4927169;0
434;239;0;648;1370;4927176;0
436;239;0;654;1390;4927184;0
437;239;0;657;1390;4927191;0
439;239;0;656;1420;4927198;0
441;240;0;656;1420;4927205;0
443;240;0;656;1440;4927212;0
445;241;0;655;1420;4927219;0
446;241;0;652;1420;4927226;0
448;242;0;646;1400;4927233;0
449;242;0;643;1400;4927240;0
449;242;0;640;1400;4927247;0
450;242;0;638;1400;4927254;0
451;242;0;637;1420;4927261;0
452;242;0;638;1450;4927268;0
454;242;0;638;1450;4927275;0
455;241;0;638;1470;4927282;0
458;240;0;638;1490;4927289;0
460;240;0;639;1490;4927296;0
462;239;0;640;1490;4927303;0
465;238;0;641;1490;4927310;0
468;237;0;646;1490;4927317;0
470;237;0;648;1490;4927324;0
472;237;0;648;1510;4927331;0
473;236;0;647;1540;4927338;0
475;236;0;650;1540;4927345;0
475;236;0;645;1520;4927352;0
475;236;0;640;1490;4927359;0
475;236;0;628;1490;4927366;0
475;236;0;623;1490;4927374;0
475;236;0;618;1490;4927381;0
475;236;0;620;1510;4927388;0
475;236;0;620;1510;4927395;0
474;235;0;623;1510;4927402;0
474;234;0;621;1530;4927409;0
474;233;0;627;1510;4927416;0
474;232;0;632;1530;4927423;0
475;231;0;635;1550;4927430;0
476;230;0;636;1550;4927437;0
477;229;0;639;1580;4927444;0
477;229;0;638;1580;4927451;0
478;228;0;637;1590;4927458;0
478;228;0;637;1580;4927465;0
478;228;0;637;1580;4927472;0
477;227;0;637;1540;4927479;0
476;227;0;635;1550;4927486;0
476;227;0;634;1550;4927493;0
475;227;0;632;1570;4927500;0
474;226;0;631;1570;4927507;0
473;225;0;631;1570;4927514;0
473;224;0;632;1550;4927521;0
473;223;0;633;1550;4927528;0
473;221;0;634;1540;4927535;0
473;220;0;635;1550;4927542;0
473;219;0;638;1550;4927549;0
474;217;0;640;1590;4927557;0
474;216;0;640;1590;4927564;0
475;215;0;641;1590;4927571;0
476;214;0;646;1600;4927578;0
477;213;0;649;1600;4927585;0
477;212;0;651;1600;4927592;0
478;211;0;652;1600;4927599;0
478;210;0;653;1620;4927606;0
478;210;0;652;1620;4927613;0
478;209;0;652;1610;4927620;0
478;208;0;648;1610;4927627;0
478;208;0;641;1590;4927634;0
478;207;0;634;1590;4927641;0
479;206;0;628;1600;4927648;0
479;205;0;627;1610;4927655;0
480;204;0;619;1610;4927662;0
480;202;0;622;1640;4927669;0
481;201;0;620;1640;4927676;0
482;199;0;622;1650;4927683;0
484;197;0;627;1630;4927690;0
485;195;0;623;1640;4927697;0
486;194;0;640;1650;4927704;0
487;192;0;646;1650;4927711;0
488;191;0;652;1650;4927718;0
489;190;0;653;1620;4927725;0
490;189;0;654;1540;4927732;0
490;188;0;653;1540;4927740;0
490;188;0;653;1480;4927747;0
490;187;0;650;1480;4927754;0
489;187;0;646;1450;4927761;0
488;186;0;641;1450;4927768;0
487;185;0;638;1520;4927775;0
486;184;0;635;1550;4927782;0
485;183;0;635;1610;4927789;0
484;182;0;637;1610;4927796;0
484;180;0;636;1570;4927803;0
483;179;0;638;1550;4927810;0
483;177;0;641;1550;4927817;0
483;176;0;644;1600;4927824;0
484;174;0;648;1600;4927831;0
484;173;0;651;1600;4927838;0
485;171;0;653;1600;4927845;0
485;170;0;654;1600;4927852;0
486;169;0;655;1610;4927859;0
486;168;0;657;1610;4927866;0
486;167;0;657;1620;4927873;0
486;167;0;655;1630;4927880;0
485;166;0;657;1630;4927887;0
484;165;0;656;1620;4927894;0
483;164;0;660;1610;4927901;0
482;164;0;654;1610;4927908;0
480;163;0;656;1600;4927915;0
479;162;0;654;1570;4927922;0
479;161;0;654;1570;4927930;0
478;160;0;657;1540;4927937;0
478;158;0;657;1550;4927944;0
478;157;0;660;1570;4927951;0
477;156;0;657;1580;4927958;0
477;155;0;663;1580;4927965;0
477;153;0;668;1570;4927972;0
477;153;0;670;1570;4927979;0
476;152;0;671;1570;4927986;0
475;151;0;673;1550;4927993;0
474;151;0;675;1550;4928000;0
473;150;0;673;1570;4928007;0
472;150;0;672;1570;4928014;0
471;149;0;671;1580;4928021;0
470;149;0;675;1550;4928028;0
469;149;0;671;1550;4928035;0
467;148;0;670;1560;4928042;0
466;148;0;672;1580;4928049;0
465;147;0;667;1610;4928056;0
464;147;0;669;1610;4928063;0
463;146;0;669;1590;4928070;0
462;145;0;669;1550;4928077;0
461;144;0;668;1480;4928084;0
460;144;0;671;1430;4928091;0
460;143;0;669;1460;4928098;0
459;143;0;669;1480;4928105;0
457;143;0;669;1480;4928113;0
456;142;0;672;1450;4928120;0
454;142;0;669;1450;4928127;0
452;142;0;669;1420;4928134;0
450;142;0;669;1440;4928141;0
449;142;0;667;1440;4928148;0
447;142;0;669;1420;4928155;0
446;142;0;669;1420;4928162;0
445;142;0;667;1420;4928169;0
444;142;0;668;1420;4928176;0
444;141;0;669;1440;4928183;0
443;141;0;672;1440;4928190;0
443;140;0;668;1440;4928197;0
442;139;0;672;1440;4928204;0
442;139;0;668;1420;4928211;0
441;138;0;668;1430;4928218;0
441;138;0;668;1430;4928225;0
440;137;0;668;1430;4928232;0
439;137;0;668;1460;4928239;0
438;136;0;668;1430;4928246;0
437;136;0;669;1420;4928253;0
436;136;0;668;1420;4928260;0
435;136;0;668;1430;4928267;0
434;135;0;669;1430;4928274;0
433;135;0;668;1430;4928281;0
433;135;0;669;1430;4928288;0
432;134;0;669;1420;4928296;0
431;134;0;669;1430;4928303;0
431;133;0;669;1460;4928310;0
430;132;0;668;1480;4928317;0
429;132;0;669;1490;4928324;0
429;131;0;670;1470;4928331;0
429;130;0;671;1470;4928338;0
428;129;0;672;1470;4928345;0
428;128;0;672;1470;4928352;0
427;128;0;672;1470;4928359;0
427;127;0;672;1470;4928366;0
426;127;0;676;1480;4928373;0
426;127;0;672;1480;4928380;0
426;126;0;672;1460;4928387;0
425;126;0;672;1450;4928394;0
424;126;0;669;1430;4928401;0
423;126;0;667;1430;4928408;0
422;126;0;662;1430;4928415;0
420;126;0;658;1450;4928422;0
419;126;0;654;1450;4928429;0
417;126;0;652;1450;4928436;0
416;126;0;651;1440;4928443;0
414;125;0;651;1420;4928450;0
412;125;0;651;1420;4928457;0
410;125;0;651;1440;4928464;0
408;124;0;654;1440;4928471;0
406;124;0;660;1460;4928478;0
404;123;0;662;1440;4928486;0
402;123;0;666;1420;4928493;0
400;122;0;669;1400;4928500;0
397;122;0;671;1420;4928507;0
394;122;0;672;1460;4928514;0
391;123;0;673;1460;4928521;0
387;123;0;675;1460;4928528;0
384;124;0;670;1440;4928535;0
380;124;0;673;1440;4928542;0
376;125;0;674;1420;4928549;0
372;126;0;669;1400;4928556;0
369;126;0;668;1400;4928563;0
366;126;0;665;1400;4928570;0
363;126;0;665;1400;4928577;0
360;126;0;666;1400;4928584;0
358;126;0;666;1370;4928591;0
355;125;0;666;1370;4928598;0
353;124;0;668;1370;4928605;0
351;124;0;669;1380;4928612;0
349;123;0;671;1400;4928619;0
346;123;0;674;1370;4928626;0
344;123;0;676;1350;4928633;0
341;123;0;679;1330;4928640;0
339;123;0;679;1320;4928647;0
336;123;0;681;1330;4928654;0
334;124;0;679;1330;4928661;0
331;125;0;679;1330;4928669;0
328;125;0;676;1300;4928676;0
325;126;0;672;1300;4928683;0
323;126;0;667;1300;4928690;0
320;126;0;665;1260;4928697;0
318;126;0;664;1280;4928704;0
315;126;0;668;1320;4928711;0
313;125;0;665;1300;4928718;0
311;125;0;669;1300;4928725;0
309;124;0;667;1300;4928732;0
307;124;0;672;1270;4928739;0
305;124;0;675;1250;4928746;0
303;123;0;677;1270;4928753;0
301;123;0;679;1250;4928760;0
299;123;0;679;1250;4928767;0
298;123;0;678;1260;4928774;0
296;123;0;678;1280;4928781;0
295;124;0;678;1310;4928788;0
292;124;0;678;1310;4928795;0
290;125;0;676;1310;4928802;0
288;126;0;679;1280;4928809;0
285;126;0;672;1250;4928816;0
282;127;0;669;1250;4928823;0
280;128;0;667;1260;4928830;0
277;128;0;668;1260;4928837;0
275;128;0;668;1240;4928844;0
273;128;0;670;1240;4928852;0
271;128;0;669;1260;4928859;0
269;128;0;673;1220;4928866;0
268;128;0;672;1220;4928873;0
266;128;0;675;1240;4928880;0
265;128;0;677;1250;4928887;0
264;128;0;678;1250;4928894;0
263;128;0;678;1240;4928901;0
261;128;0;678;1200;4928908;0
260;129;0;679;1200;4928915;0
259;130;0;682;1200;4928922;0
258;130;0;679;1200;4928929;0
257;131;0;678;1200;4928936;0
256;132;0;676;1220;4928943;0
256;133;0;673;1200;4928950;0
255;133;0;673;1190;4928957;0
254;134;0;669;1190;4928964;0
254;134;0;668;1200;4928971;0
253;135;0;668;1200;4928978;0
252;135;0;668;1200;4928985;0
251;135;0;668;1170;4928992;0
250;136;0;672;1170;4928999;0
249;136;0;668;1160;4929006;0
248;137;0;671;1150;4929013;0
248;137;0;678;1160;4929020;0
247;138;0;676;1160;4929027;0
246;139;0;683;1160;4929034;0
245;140;0;680;1160;4929042;0
244;141;0;681;1160;4929049;0
243;142;0;681;1140;4929056;0
242;143;0;681;1130;4929063;0
241;144;0;681;1140;4929070;0
240;146;0;681;1160;4929077;0
239;147;0;680;1200;4929084;0
238;148;0;681;1220;4929091;0
237;149;0;681;1230;4929098;0
236;149;0;681;1210;4929105;0
235;150;0;681;1220;4929112;0
235;150;0;681;1230;4929119;0
234;151;0;681;1230;4929126;0
233;151;0;682;1230;4929133;0
232;152;0;684;1230;4929140;0
231;153;0;685;1230;4929147;0
229;154;0;687;1240;4929154;0
228;155;0;688;1260;4929161;0
227;156;0;689;1270;4929168;0
226;157;0;689;1270;4929175;0
224;158;0;689;1240;4929182;0
222;159;0;688;1250;4929189;0
221;160;0;691;1250;4929196;0
221;161;0;687;1270;4929203;0
220;162;0;686;1280;4929210;0
220;163;0;683;1280;4929217;0
219;164;0;681;1280;4929225;0
218;164;0;679;1300;4929232;0
217;165;0;681;1310;4929239;0
216;166;0;679;1350;4929246;0
216;167;0;681;1370;4929253;0
215;167;0;679;1370;4929260;0
214;168;0;679;1350;4929267;0
213;169;0;679;1350;4929274;0
211;170;0;682;1310;4929281;0
211;171;0;679;1310;4929288;0
211;172;0;679;1300;4929295;0
210;173;0;679;1270;4929302;0
209;174;0;680;1270;4929309;0
207;175;0;679;1270;4929316;0
207;176;0;678;1270;4929323;0
206;177;0;681;1300;4929330;0
206;177;0;678;1300;4929337;0
206;178;0;678;1300;4929344;0
206;178;0;678;1300;4929351;0
206;179;0;676;1300;4929358;0
206;179;0;677;1300;4929365;0
206;179;0;678;1300;4929372;0
206;180;0;676;1300;4929379;0
206;181;0;680;1290;4929386;0
207;181;0;678;1290;4929393;0
207;182;0;677;1300;4929400;0
208;183;0;676;1300;4929408;0
208;184;0;676;1300;4929415;0
207;184;0;674;1290;4929422;0
206;185;0;677;1270;4929429;0
205;186;0;673;1290;4929436;0
204;187;0;675;1290;4929443;0
204;187;0;676;1300;4929450;0
204;188;0;676;1300;4929457;0
204;188;0;675;1300;4929464;0
204;189;0;675;1300;4929471;0
204;189;0;675;1290;4929478;0
204;190;0;675;1280;4929485;0
204;190;0;675;1300;4929492;0
204;190;0;678;1300;4929499;0
205;191;0;675;1320;4929506;0
205;191;0;674;1290;4929513;0
205;192;0;675;1290;4929520;0
204;193;0;674;1250;4929527;0
204;194;0;674;1250;4929534;0
203;195;0;674;1250;4929541;0
202;196;0;666;1280;4929548;0
202;197;0;675;1280;4929555;0
200;198;0;673;1270;4929562;0
198;199;0;675;1270;4929569;0
196;200;0;675;1270;4929576;0
195;201;0;670;1280;4929583;0
194;201;0;671;1280;4929590;0
194;202;0;669;1290;4929598;0
193;202;0;671;1310;4929605;0
192;203;0;669;1310;4929612;0
192;203;0;672;1300;4929619;0
191;203;0;670;1300;4929626;0
191;204;0;670;1290;4929633;0
191;204;0;669;1310;4929640;0
191;205;0;671;1310;4929647;0
191;205;0;672;1310;4929654;0
191;206;0;670;1320;4929661;0
190;207;0;669;1320;4929668;0
190;207;0;668;1340;4929675;0
189;208;0;670;1320;4929682;0
189;209;0;669;1340;4929689;0
188;210;0;669;1320;4929696;0
187;210;0;669;1330;4929703;0
187;211;0;671;1330;4929710;0
186;212;0;672;1320;4929717;0
186;212;0;669;1330;4929724;0
186;212;0;673;1330;4929731;0
186;212;0;669;1330;4929738;0
186;213;0;670;1330;4929745;0
186;213;0;670;1320;4929752;0
186;213;0;671;1330;4929759;0
186;214;0;670;1320;4929766;0
187;214;0;672;1320;4929773;0
187;214;0;671;1320;4929781;0
187;215;0;672;1320;4929788;0
188;215;0;671;1330;4929795;0
188;216;0;672;1330;4929802;0
188;216;0;674;1330;4929809;0
188;217;0;669;1330;4929816;0
188;217;0;673;1330;4929823;0
188;218;0;671;1330;4929830;0
188;219;0;669;1330;4929837;0
188;219;0;669;1350;4929844;0
188;220;0;671;1330;4929851;0
188;220;0;670;1320;4929858;0
188;221;0;671;1320;4929865;0
188;221;0;671;1320;4929872;0
188;222;0;671;1320;4929879;0
189;222;0;671;1320;4929886;0
190;223;0;670;1300;4929893;0
191;223;0;672;1300;4929900;0
192;224;0;672;1300;4929907;0
192;224;0;674;1300;4929914;0
193;225;0;673;1300;4929921;0
193;226;0;673;1300;4929928;0
194;227;0;678;1300;4929935;0
194;228;0;677;1300;4929942;0
194;228;0;678;1320;4929949;0
195;229;0;678;1330;4929956;0
196;230;0;676;1330;4929964;0
197;231;0;678;1320;4929971;0
198;232;0;678;1320;4929978;0
198;233;0;678;1290;4929985;0
199;234;0;678;1290;4929992;0
201;234;0;678;1290;4929999;0
202;235;0;680;1270;4930006;0
203;235;0;678;1270;4930013;0
204;235;0;681;1240;4930020;0
204;236;0;682;1230;4930027;0
205;236;0;681;1230;4930034;0
206;237;0;678;1230;4930041;0
207;237;0;678;1230;4930048;0
208;238;0;678;1230;4930055;0
208;239;0;679;1220;4930062;0
209;239;0;681;1200;4930069;0
209;240;0;682;1190;4930076;0
210;241;0;685;1230;4930083;0
211;242;0;685;1280;4930090;0
212;243;0;686;1330;4930097;0
212;244;0;685;1390;4930104;0
213;245;0;684;1370;4930111;0
214;246;0;685;1350;4930118;0
215;247;0;686;1330;4930125;0
216;248;0;684;1310;4930132;0
217;249;0;684;1310;4930139;0
218;250;0;685;1300;4930147;0
218;251;0;685;1300;4930154;0
219;252;0;685;1300;4930161;0
220;253;0;685;1300;4930168;0
220;253;0;685;1300;4930175;0
220;254;0;686;1320;4930182;0
221;255;0;686;1320;4930189;0
221;256;0;685;1330;4930196;0
222;257;0;688;1330;4930203;0
223;258;0;687;1330;4930210;0
223;259;0;686;1330;4930217;0
224;260;0;687;1320;4930224;0
225;261;0;688;1300;4930231;0
226;261;0;688;1320;4930238;0
227;262;0;687;1320;4930245;0
228;263;0;687;1320;4930252;0
229;264;0;687;1300;4930259;0
229;265;0;688;1270;4930266;0
229;265;0;688;1260;4930273;0
229;266;0;687;1260;4930280;0
230;267;0;687;1260;4930287;0
231;268;0;687;1290;4930294;0
232;268;0;688;1300;4930301;0
233;269;0;691;1300;4930308;0
234;270;0;691;1290;4930315;0
234;270;0;694;1270;4930322;0
235;271;0;690;1260;4930329;0
237;271;0;693;1250;4930337;0
238;272;0;693;1250;4930344;0
239;272;0;693;1250;4930351;0
240;273;0;693;1250;4930358;0
241;274;0;691;1250;4930365;0
242;274;0;690;1260;4930372;0
243;275;0;690;1260;4930379;0
244;276;0;690;1260;4930386;0
244;276;0;690;1250;4930393;0
244;277;0;689;1250;4930400;0
244;278;0;689;1250;4930407;0
244;278;0;690;1240;4930414;0
245;279;0;690;1240;4930421;0
245;280;0;691;1240;4930428;0
246;280;0;693;1240;4930435;0
247;281;0;693;1250;4930442;0
249;281;0;693;1250;4930449;0
250;281;0;695;1260;4930456;0
251;281;0;696;1260;4930463;0
253;282;0;697;1260;4930470;0
254;282;0;696;1260;4930477;0
254;282;0;696;1280;4930484;0
255;282;0;696;1290;4930491;0
255;283;0;695;1290;4930498;0
256;283;0;694;1290;4930505;0
256;284;0;694;1260;4930512;0
256;285;0;694;1260;4930520;0
256;286;0;694;1260;4930527;0
257;286;0;693;1260;4930534;0
257;287;0;695;1260;4930541;0
257;288;0;695;1270;4930548;0
257;288;0;693;1270;4930555;0
257;289;0;694;1260;4930562;0
258;289;0;695;1270;4930569;0
258;289;0;696;1260;4930576;0
259;290;0;699;1260;4930583;0
259;290;0;696;1270;4930590;0
260;290;0;696;1270;4930597;0
261;291;0;699;1290;4930604;0
261;291;0;702;1270;4930611;0
262;292;0;699;1290;4930618;0
263;292;0;698;1290;4930625;0
264;293;0;698;1300;4930632;0
265;293;0;700;1300;4930639;0
265;294;0;696;1290;4930646;0
266;294;0;696;1300;4930653;0
266;295;0;696;1270;4930660;0
267;296;0;696;1270;4930667;0
267;296;0;696;1230;4930674;0
267;296;0;697;1230;4930681;0
268;297;0;696;1250;4930688;0
268;297;0;696;1230;4930695;0
268;297;0;698;1250;4930703;0
268;297;0;698;1230;4930710;0
269;297;0;700;1230;4930717;0
270;297;0;702;1240;4930724;0
271;298;0;703;1260;4930731;0
272;298;0;704;1280;4930738;0
273;298;0;707;1280;4930745;0
274;299;0;706;1240;4930752;0
275;299;0;706;1260;4930759;0
277;299;0;709;1280;4930766;0
278;300;0;706;1260;4930773;0
280;300;0;706;1280;4930780;0
281;300;0;706;1280;4930787;0
282;301;0;706;1250;4930794;0
283;301;0;707;1280;4930801;0
285;301;0;706;1280;4930808;0
285;301;0;706;1250;4930815;0
286;301;0;708;1280;4930822;0
287;301;0;709;1270;4930829;0
288;301;0;711;1290;4930836;0
289;301;0;711;1290;4930843;0
290;301;0;709;1290;4930850;0
291;301;0;713;1280;4930857;0
292;302;0;710;1270;4930864;0
293;302;0;709;1270;4930871;0
294;302;0;709;1290;4930878;0
296;303;0;708;1270;4930885;0
297;303;0;713;1250;4930893;0
298;303;0;713;1210;4930900;0
299;303;0;710;1210;4930907;0
300;303;0;711;1210;4930914;0
301;303;0;711;1240;4930921;0
303;303;0;711;1280;4930928;0
304;304;0;711;1250;4930935;0
305;304;0;714;1240;4930942;0
306;304;0;714;1200;4930949;0
307;303;0;714;1200;4930956;0
309;303;0;716;1180;4930963;0
310;303;0;716;1190;4930970;0
311;303;0;716;1200;4930977;0
312;303;0;720;1200;4930984;0
313;303;0;717;1210;4930991;0
314;303;0;717;1220;4930998;0
315;303;0;717;1220;4931005;0
315;303;0;718;1220;4931012;0
315;303;0;718;1200;4931019;0
316;303;0;720;1220;4931026;0
316;303;0;720;1220;4931033;0
317;303;0;720;1230;4931040;0
318;303;0;719;1230;4931047;0
318;303;0;720;1230;4931054;0
319;304;0;720;1220;4931061;0
320;304;0;720;1220;4931068;0
320;304;0;722;1220;4931076;0
321;304;0;721;1220;4931083;0
321;304;0;721;1220;4931090;0
322;304;0;726;1210;4931097;0
323;304;0;726;1210;4931104;0
324;304;0;726;1190;4931111;0
325;304;0;720;1210;4931118;0
325;304;0;727;1210;4931125;0
325;304;0;728;1220;4931132;0
326;304;0;730;1240;4931139;0
326;304;0;728;1240;4931146;0
327;304;0;726;1250;4931153;0
328;305;0;726;1240;4931160;0
328;305;0;724;1220;4931167;0
328;305;0;724;1240;4931174;0
329;306;0;723;1220;4931181;0
329;306;0;722;1230;4931188;0
329;306;0;723;1230;4931195;0
330;306;0;723;1240;4931202;0
330;306;0;724;1240;4931209;0
330;306;0;726;1250;4931216;0
330;306;0;728;1240;4931223;0
331;306;0;729;1220;4931230;0
332;306;0;734;1220;4931237;0
333;306;0;733;1240;4931244;0
334;306;0;732;1240;4931251;0
335;306;0;733;1240;4931259;0
336;306;0;732;1240;4931266;0
338;306;0;733;1240;4931273;0
339;306;0;732;1260;4931280;0
340;307;0;730;1260;4931287;0
341;307;0;729;1260;4931294;0
342;307;0;727;1260;4931301;0
342;308;0;726;1240;4931308;0
343;308;0;727;1240;4931315;0
344;308;0;720;1260;4931322;0
345;308;0;718;1260;4931329;0
345;309;0;718;1250;4931336;0
345;309;0;718;1250;4931343;0
346;309;0;720;1230;4931350;0
346;309;0;721;1230;4931357;0
347;309;0;722;1230;4931364;0
348;309;0;722;1240;4931371;0
350;309;0;726;1280;4931378;0
351;309;0;726;1280;4931385;0
353;309;0;726;1260;4931392;0
354;310;0;728;1260;4931399;0
356;310;0;727;1280;4931406;0
358;310;0;726;1280;4931413;0
359;311;0;726;1300;4931420;0
360;311;0;727;1300;4931427;0
361;312;0;724;1280;4931434;0
362;312;0;724;1300;4931441;0
363;312;0;723;1300;4931449;0
364;312;0;724;1310;4931456;0
365;312;0;726;1310;4931463;0
366;312;0;726;1290;4931470;0
367;312;0;726;1290;4931477;0
369;312;0;726;1290;4931484;0
370;312;0;728;1280;4931491;0
372;312;0;729;1290;4931498;0
373;312;0;728;1310;4931505;0
375;312;0;727;1310;4931512;0
377;312;0;729;1330;4931519;0
378;313;0;729;1330;4931526;0
380;313;0;727;1330;4931533;0
382;313;0;726;1330;4931540;0
383;313;0;728;1330;4931547;0
385;314;0;724;1330;4931554;0
386;314;0;723;1330;4931561;0
388;315;0;726;1330;4931568;0
389;315;0;724;1330;4931575;0
390;316;0;719;1330;4931582;0
392;316;0;714;1330;4931589;0
393;316;0;718;1350;4931596;0
394;316;0;715;1350;4931603;0
395;316;0;719;1350;4931610;0
397;316;0;715;1370;4931617;0
398;316;0;717;1370;4931624;0
400;316;0;718;1370;4931632;0
402;316;0;720;1390;4931639;0
404;316;0;720;1370;4931646;0
406;316;0;720;1370;4931653;0
408;316;0;721;1390;4931660;0
410;316;0;720;1390;4931667;0
412;316;0;719;1390;4931674;0
414;316;0;719;1390;4931681;0
416;316;0;720;1410;4931688;0
418;316;0;717;1390;4931695;0
419;317;0;717;1370;4931702;0
421;317;0;716;1390;4931709;0
423;317;0;719;1390;4931716;0
424;317;0;715;1390;4931723;0
425;317;0;717;1390;4931730;0
427;317;0;717;1390;4931737;0
429;317;0;718;1390;4931744;0
431;317;0;720;1410;4931751;0
433;316;0;723;1430;4931758;0
436;315;0;714;1430;4931765;0
439;314;0;722;1430;4931772;0
441;314;0;720;1430;4931779;0
444;313;0;720;1430;4931786;0
446;313;0;722;1430;4931793;0
449;313;0;722;1430;4931800;0
451;313;0;723;1450;4931807;0
453;312;0;722;1450;4931815;0
455;312;0;721;1480;4931822;0
457;312;0;720;1480;4931829;0
458;312;0;720;1480;4931836;0
459;313;0;720;1480;4931843;0
461;313;0;719;1480;4931850;0
462;313;0;719;1480;4931857;0
462;313;0;720;1460;4931864;0
463;312;0;720;1460;4931871;0
464;312;0;722;1460;4931878;0
465;311;0;723;1460;4931885;0
466;310;0;724;1480;4931892;0
468;309;0;726;1480;4931899;0
469;309;0;726;1480;4931906;0
471;308;0;726;1480;4931913;0
473;307;0;726;1480;4931920;0
474;307;0;729;1500;4931927;0
476;306;0;729;1520;4931934;0
477;306;0;728;1540;4931941;0
479;305;0;728;1540;4931948;0
480;305;0;727;1570;4931955;0
482;305;0;726;1550;4931962;0
483;305;0;726;1570;4931969;0
483;305;0;726;1570;4931976;0
484;304;0;724;1570;4931983;0
484;304;0;723;1570;4931990;0
485;303;0;723;1570;4931997;0
486;303;0;726;1570;4932005;0
487;302;0;726;1570;4932012;0
489;301;0;726;1600;4932019;0
490;300;0;726;1550;4932026;0
492;299;0;727;1520;4932033;0
494;298;0;728;1490;4932040;0
496;298;0;728;1460;4932047;0
499;297;0;728;1480;4932054;0
501;296;0;727;1470;4932061;0
503;296;0;726;1470;4932068;0
504;296;0;726;1490;4932075;0
505;295;0;726;1490;4932082;0
506;295;0;726;1450;4932089;0
507;295;0;723;1450;4932096;0
507;295;0;714;1400;4932103;0
508;295;0;720;1350;4932110;0
509;295;0;720;1350;4932117;0
510;294;0;720;1320;4932124;0
510;294;0;723;1350;4932131;0
511;294;0;720;1380;4932138;0
513;293;0;720;1380;4932145;0
515;292;0;721;1290;4932152;0
517;291;0;721;1320;4932159;0
520;291;0;722;1320;4932166;0
522;290;0;723;1320;4932173;0
524;289;0;723;1320;4932180;0
526;288;0;723;1320;4932188;0
528;288;0;726;1320;4932195;0
530;287;0;726;1320;4932202;0
532;287;0;729;1350;4932209;0
533;286;0;726;1350;4932216;0
534;286;0;726;1350;4932223;0
535;286;0;724;1350;4932230;0
536;285;0;726;1380;4932237;0
537;284;0;727;1380;4932244;0
538;284;0;726;1380;4932251;0
539;283;0;726;1410;4932258;0
541;282;0;726;1410;4932265;0
542;281;0;726;1410;4932272;0
544;280;0;726;1410;4932279;0
545;279;0;726;1440;4932286;0
546;278;0;726;1470;4932293;0
548;277;0;726;1470;4932300;0
549;276;0;726;1470;4932307;0
550;275;0;729;1490;4932314;0
551;274;0;727;1490;4932321;0
551;274;0;726;1490;4932328;0
551;273;0;727;1510;4932335;0
552;273;0;726;1510;4932342;0
552;272;0;726;1510;4932349;0
552;272;0;726;1510;4932356;0
552;271;0;724;1510;4932363;0
552;271;0;723;1520;4932371;0
553;270;0;723;1520;4932378;0
554;269;0;723;1520;4932385;0
554;269;0;723;1520;4932392;0
555;268;0;723;1520;4932399;0
556;267;0;723;1490;4932406;0
556;267;0;723;1520;4932413;0
557;266;0;726;1520;4932420;0
557;266;0;726;1540;4932427;0
558;265;0;726;1520;4932434;0
558;265;0;723;1540;4932441;0
559;265;0;721;1540;4932448;0
559;265;0;726;1540;4932455;0
560;265;0;719;1570;4932462;0
560;265;0;717;1570;4932469;0
560;265;0;716;1550;4932476;0
560;264;0;716;1550;4932483;0
560;264;0;718;1520;4932490;0
561;264;0;719;1540;4932497;0
561;263;0;719;1540;4932504;0
562;263;0;719;1570;4932511;0
562;262;0;720;1570;4932518;0
563;262;0;720;1610;4932525;0
564;261;0;719;1600;4932532;0
565;261;0;718;1610;4932539;0
566;260;0;718;1610;4932546;0
567;260;0;717;1580;4932553;0
568;260;0;718;1610;4932561;0
568;259;0;718;1610;4932568;0
569;259;0;722;1610;4932575;0
570;259;0;718;1610;4932582;0
570;259;0;719;1610;4932589;0
571;258;0;718;1610;4932596;0
572;258;0;719;1610;4932603;0
572;258;0;718;1610;4932610;0
573;258;0;717;1610;4932617;0
573;257;0;718;1640;4932624;0
574;257;0;717;1640;4932631;0
575;257;0;718;1640;4932638;0
576;256;0;720;1650;4932645;0
576;256;0;721;1650;4932652;0
577;255;0;720;1650;4932659;0
578;254;0;720;1650;4932666;0
579;254;0;723;1680;4932673;0
581;253;0;724;1590;4932680;0
582;252;0;727;1550;4932687;0
584;251;0;726;1480;4932694;0
586;251;0;727;1440;4932701;0
587;250;0;726;1440;4932708;0
589;250;0;726;1460;4932715;0
590;249;0;730;1420;4932722;0
591;249;0;729;1410;4932729;0
592;249;0;726;1430;4932736;0
592;248;0;726;1410;4932744;0
593;248;0;724;1450;4932751;0
593;248;0;726;1450;4932758;0
593;247;0;726;1460;4932765;0
594;247;0;726;1460;4932772;0
594;246;0;726;1430;4932779;0
595;245;0;726;1390;4932786;0
595;245;0;727;1370;4932793;0
596;244;0;726;1370;4932800;0
596;243;0;727;1420;4932807;0
597;242;0;729;1420;4932814;0
597;242;0;727;1420;4932821;0
598;241;0;729;1440;4932828;0
598;240;0;729;1440;4932835;0
598;240;0;727;1420;4932842;0
599;239;0;727;1440;4932849;0
599;238;0;729;1440;4932856;0
600;238;0;729;1440;4932863;0
600;237;0;729;1460;4932870;0
601;236;0;729;1460;4932877;0
602;235;0;728;1460;4932884;0
603;234;0;729;1460;4932891;0
603;233;0;729;1480;4932898;0
604;232;0;732;1460;4932905;0
605;232;0;730;1460;4932912;0
605;231;0;728;1480;4932919;0
605;231;0;726;1460;4932927;0
605;230;0;729;1460;4932934;0
606;229;0;731;1460;4932941;0
606;229;0;731;1460;4932948;0
606;228;0;731;1460;4932955;0
607;227;0;730;1480;4932962;0
608;226;0;726;1480;4932969;0
608;226;0;726;1490;4932976;0
609;225;0;724;1510;4932983;0
610;224;0;724;1510;4932990;0
611;222;0;729;1510;4932997;0
612;221;0;726;1510;4933004;0
612;220;0;723;1510;4933011;0
613;219;0;729;1510;4933018;0
614;218;0;726;1520;4933025;0
615;217;0;727;1520;4933032;0
615;216;0;730;1520;4933039;0
616;214;0;729;1520;4933046;0
616;213;0;728;1530;4933053;0
617;213;0;729;1530;4933060;0
617;212;0;728;1530;4933067;0
618;211;0;728;1550;4933074;0
618;210;0;729;1550;4933081;0
619;209;0;727;1540;4933088;0
619;209;0;727;1540;4933095;0
619;208;0;724;1540;4933102;0
619;207;0;723;1540;4933109;0
619;206;0;723;1550;4933117;0
619;205;0;726;1540;4933124;0
619;204;0;726;1550;4933131;0
619;203;0;726;1540;4933138;0
619;202;0;726;1540;4933145;0
619;201;0;726;1550;4933152;0
619;200;0;726;1540;4933159;0
620;200;0;730;1550;4933166;0
620;199;0;726;1550;4933173;0
620;199;0;726;1550;4933180;0
620;198;0;727;1530;4933187;0
620;197;0;726;1530;4933194;0
620;197;0;714;1520;4933201;0
620;196;0;734;1470;4933208;0
620;195;0;717;1480;4933215;0
620;194;0;729;1430;4933222;0
620;193;0;733;1430;4933229;0
620;192;0;732;1430;4933236;0
621;191;0;732;1430;4933243;0
621;190;0;732;1450;4933250;0
622;188;0;733;1450;4933257;0
622;187;0;734;1470;4933264;0
623;186;0;740;1470;4933271;0
623;185;0;736;1450;4933278;0
624;184;0;739;1470;4933285;0
624;184;0;742;1480;4933292;0
624;183;0;739;1480;4933300;0
625;182;0;740;1480;4933307;0
625;182;0;740;1480;4933314;0
625;181;0;742;1470;4933321;0
625;181;0;740;1470;4933328;0
625;180;0;741;1470;4933335;0
625;179;0;739;1480;4933342;0
625;179;0;739;1480;4933349;0
624;178;0;739;1500;4933356;0
624;177;0;739;1500;4933363;0
624;176;0;738;1500;4933370;0
623;175;0;739;1500;4933377;0
623;174;0;740;1500;4933384;0
623;173;0;742;1490;4933391;0
623;172;0;742;1490;4933398;0
623;171;0;742;1490;4933405;0
623;170;0;743;1470;4933412;0
623;169;0;744;1480;4933419;0
623;168;0;748;1480;4933426;0
623;168;0;748;1480;4933433;0
623;167;0;745;1520;4933440;0
623;167;0;744;1490;4933447;0
623;166;0;746;1490;4933454;0
623;166;0;744;1490;4933461;0
623;165;0;744;1480;4933468;0
622;164;0;743;1490;4933475;0
622;164;0;742;1490;4933483;0
622;163;0;745;1490;4933490;0
622;162;0;743;1490;4933497;0
622;161;0;742;1490;4933504;0
622;160;0;742;1510;4933511;0
622;159;0;742;1510;4933518;0
622;158;0;742;1510;4933525;0
622;157;0;743;1510;4933532;0
622;156;0;742;1510;4933539;0
622;155;0;742;1510;4933546;0
622;154;0;742;1510;4933553;0
622;153;0;742;1510;4933560;0
621;153;0;742;1510;4933567;0
620;152;0;743;1520;4933574;0
620;152;0;742;1520;4933581;0
619;151;0;742;1530;4933588;0
619;151;0;742;1530;4933595;0
618;150;0;741;1540;4933602;0
617;150;0;742;1540;4933609;0
616;149;0;741;1520;4933616;0
615;148;0;740;1530;4933623;0
614;147;0;741;1540;4933630;0
614;146;0;745;1540;4933637;0
613;145;0;741;1510;4933644;0
613;144;0;742;1460;4933651;0
612;143;0;739;1440;4933658;0
612;142;0;741;1400;4933666;0
611;140;0;744;1420;4933673;0
611;139;0;741;1440;4933680;0
610;138;0;743;1400;4933687;0
609;137;0;740;1440;4933694;0
609;136;0;739;1440;4933701;0
608;135;0;739;1440;4933708;0
607;134;0;739;1460;4933715;0
606;133;0;739;1440;4933722;0
604;132;0;739;1430;4933729;0
603;131;0;739;1430;4933736;0
602;131;0;738;1430;4933743;0
601;130;0;739;1430;4933750;0
600;129;0;735;1430;4933757;0
600;128;0;736;1430;4933764;0
599;127;0;735;1460;4933771;0
599;126;0;736;1460;4933778;0
599;125;0;736;1460;4933785;0
599;124;0;735;1460;4933792;0
598;123;0;735;1460;4933799;0
597;121;0;735;1460;4933806;0
596;120;0;734;1460;4933813;0
596;119;0;736;1460;4933820;0
595;119;0;738;1440;4933827;0
594;118;0;738;1460;4933834;0
593;117;0;739;1460;4933841;0
592;116;0;736;1460;4933848;0
592;116;0;735;1460;4933856;0
591;115;0;735;1460;4933863;0
590;115;0;735;1440;4933870;0
589;114;0;735;1440;4933877;0
588;113;0;734;1440;4933884;0
588;113;0;735;1440;4933891;0
587;112;0;735;1460;4933898;0
586;111;0;735;1470;4933905;0
585;110;0;735;1470;4933912;0
585;109;0;734;1460;4933919;0
584;109;0;735;1420;4933926;0
583;108;0;733;1420;4933933;0
582;107;0;735;1480;4933940;0
581;106;0;735;1540;4933947;0
580;106;0;735;1600;4933954;0
580;105;0;738;1670;4933961;0
579;104;0;735;1680;4933968;0
578;104;0;735;1660;4933975;0
577;103;0;734;1650;4933982;0
576;103;0;733;1650;4933989;0
575;103;0;735;1660;4933996;0
574;102;0;732;1660;4934003;0
574;102;0;733;1680;4934010;0
573;101;0;735;1660;4934017;0
572;100;0;732;1650;4934024;0
571;100;0;732;1620;4934031;0
570;99;0;732;1620;4934039;0
569;98;0;732;1610;4934046;0
569;97;0;732;1610;4934053;0
568;96;0;732;1610;4934060;0
567;95;0;732;1590;4934067;0
566;95;0;732;1580;4934074;0
565;95;0;732;1580;4934081;0
564;94;0;734;1580;4934088;0
563;94;0;732;1570;4934095;0
562;93;0;732;1570;4934102;0
561;93;0;732;1570;4934109;0
559;92;0;730;1560;4934116;0
558;92;0;731;1550;4934123;0
556;92;0;732;1560;4934130;0
555;91;0;732;1560;4934137;0
554;90;0;732;1560;4934144;0
552;90;0;732;1560;4934151;0
551;89;0;732;1560;4934158;0
550;89;0;736;1540;4934165;0
549;88;0;733;1540;4934172;0
548;88;0;732;1540;4934179;0
546;87;0;732;1510;4934186;0
545;86;0;732;1520;4934193;0
544;86;0;733;1520;4934200;0
543;85;0;726;1520;4934207;0
541;84;0;732;1520;4934214;0
540;84;0;732;1500;4934222;0
538;83;0;730;1490;4934229;0
537;83;0;729;1490;4934236;0
535;83;0;729;1490;4934243;0
533;83;0;727;1490;4934250;0
531;82;0;727;1490;4934257;0
529;82;0;726;1490;4934264;0
528;81;0;727;1490;4934271;0
526;80;0;727;1490;4934278;0
525;80;0;727;1500;4934285;0
523;79;0;721;1500;4934292;0
522;78;0;727;1500;4934299;0
521;78;0;728;1500;4934306;0
519;77;0;729;1480;4934313;0
518;76;0;729;1500;4934320;0
516;75;0;729;1510;4934327;0
515;75;0;727;1510;4934334;0
513;75;0;726;1510;4934341;0
512;74;0;727;1510;4934348;0
510;74;0;726;1510;4934355;0
508;73;0;724;1510;4934362;0
506;73;0;724;1520;4934369;0
505;72;0;723;1500;4934376;0
502;72;0;720;1500;4934383;0
500;72;0;717;1510;4934390;0
498;71;0;718;1510;4934397;0
496;70;0;717;1520;4934404;0
494;69;0;718;1510;4934412;0
492;69;0;719;1490;4934419;0
489;68;0;721;1480;4934426;0
487;67;0;719;1510;4934433;0
485;66;0;719;1490;4934440;0
483;66;0;720;1540;4934447;0
481;65;0;717;1560;4934454;0
479;65;0;717;1570;4934461;0
478;64;0;717;1600;4934468;0
475;64;0;717;1600;4934475;0
473;64;0;716;1600;4934482;0
470;64;0;715;1600;4934489;0
467;63;0;714;1590;4934496;0
465;63;0;713;1600;4934503;0
462;63;0;713;1590;4934510;0
460;62;0;714;1590;4934517;0
458;62;0;714;1580;4934524;0
455;62;0;708;1590;4934531;0
453;61;0;716;1590;4934538;0
452;60;0;716;1600;4934545;0
450;59;0;717;1600;4934552;0
448;58;0;716;1600;4934559;0
446;57;0;717;1600;4934566;0
444;57;0;721;1600;4934573;0
442;56;0;717;1600;4934580;0
440;56;0;718;1600;4934587;0
438;55;0;718;1610;4934595;0
436;55;0;720;1620;4934602;0
433;55;0;719;1620;4934609;0
431;55;0;719;1620;4934616;0
429;54;0;718;1620;4934623;0
426;54;0;717;1620;4934630;0
424;54;0;719;1630;4934637;0
422;54;0;720;1630;4934644;0
420;54;0;720;1620;4934651;0
418;54;0;717;1610;4934658;0
415;53;0;718;1610;4934665;0
413;53;0;717;1590;4934672;0
411;52;0;717;1600;4934679;0
409;52;0;717;1600;4934686;0
406;51;0;718;1610;4934693;0
403;51;0;717;1610;4934700;0
400;51;0;719;1610;4934707;0
398;51;0;720;1610;4934714;0
395;51;0;720;1600;4934721;0
392;51;0;720;1600;4934728;0
389;51;0;720;1580;4934735;0
386;51;0;719;1540;4934742;0
384;51;0;719;1480;4934749;0
381;50;0;719;1410;4934756;0
378;50;0;720;1410;4934763;0
376;50;0;720;1450;4934770;0
373;50;0;720;1480;4934778;0
371;50;0;721;1500;4934785;0
369;50;0;722;1460;4934792;0
367;50;0;721;1430;4934799;0
364;50;0;722;1400;4934806;0
363;50;0;721;1420;4934813;0
361;50;0;720;1440;4934820;0
360;50;0;724;1440;4934827;0
357;50;0;719;1420;4934834;0
355;50;0;719;1350;4934841;0
352;50;0;717;1330;4934848;0
349;50;0;714;1350;4934855;0
347;51;0;712;1380;4934862;0
344;52;0;711;1400;4934869;0
340;52;0;711;1420;4934876;0
337;52;0;710;1350;4934883;0
334;52;0;711;1350;4934890;0
331;53;0;713;1370;4934897;0
328;53;0;711;1330;4934904;0
325;53;0;712;1350;4934911;0
323;53;0;712;1330;4934918;0
320;53;0;713;1320;4934925;0
318;53;0;714;1320;4934932;0
315;53;0;714;1290;4934939;0
313;53;0;714;1300;4934946;0
311;53;0;714;1320;4934953;0
309;53;0;714;1320;4934960;0
307;53;0;712;1450;4934968;0
305;53;0;714;1530;4934975;0
303;53;0;716;1570;4934982;0
301;54;0;712;1640;4934989;0
299;54;0;714;1620;4934996;0
297;55;0;711;1610;4935003;0
295;55;0;711;1580;4935010;0
293;56;0;713;1570;4935017;0
292;56;0;712;1560;4935024;0
290;56;0;711;1570;4935031;0
288;57;0;713;1570;4935038;0
287;57;0;714;1550;4935045;0
286;57;0;714;1520;4935052;0
284;57;0;707;1520;4935059;0
283;57;0;714;1520;4935066;0
282;57;0;714;1510;4935073;0
280;58;0;715;1520;4935080;0
279;58;0;714;1520;4935087;0
278;58;0;713;1510;4935094;0
277;58;0;714;1530;4935101;0
275;59;0;712;1520;4935108;0
274;59;0;712;1510;4935115;0
272;60;0;714;1480;4935122;0
271;61;0;713;1440;4935129;0
269;61;0;713;1420;4935136;0
268;62;0;715;1440;4935143;0
266;62;0;714;1450;4935151;0
265;62;0;714;1460;4935158;0
264;62;0;718;1440;4935165;0
263;62;0;717;1420;4935172;0
262;62;0;717;1390;4935179;0
261;62;0;717;1390;4935186;0
260;62;0;717;1420;4935193;0
259;62;0;710;1420;4935200;0
258;62;0;721;1410;4935207;0
256;63;0;710;1360;4935214;0
255;63;0;718;1360;4935221;0
253;63;0;715;1360;4935228;0
252;64;0;716;1360;4935235;0
250;64;0;714;1360;4935242;0
248;65;0;714;1360;4935249;0
246;66;0;714;1350;4935256;0
243;67;0;714;1320;4935263;0
241;67;0;715;1320;4935270;0
239;68;0;715;1330;4935277;0
237;69;0;715;1300;4935284;0
235;69;0;715;1320;4935291;0
233;69;0;717;1290;4935298;0
231;69;0;717;1270;4935305;0
230;69;0;719;1290;4935312;0
228;69;0;717;1270;4935319;0
226;70;0;720;1280;4935326;0
224;70;0;718;1260;4935334;0
222;70;0;720;1260;4935341;0
220;70;0;722;1260;4935348;0
218;70;0;717;1280;4935355;0
216;71;0;717;1370;4935362;0
214;71;0;718;1420;4935369;0
211;72;0;715;1480;4935376;0
208;72;0;716;1510;4935383;0
206;73;0;717;1500;4935390;0
204;74;0;717;1510;4935397;0
202;74;0;720;1530;4935404;0
200;74;0;717;1530;4935411;0
199;75;0;720;1540;4935418;0
197;75;0;718;1520;4935425;0
195;75;0;719;1500;4935432;0
194;76;0;723;1500;4935439;0
192;76;0;719;1480;4935446;0
190;76;0;719;1480;4935453;0
189;77;0;718;1460;4935460;0
187;78;0;718;1460;4935467;0
185;78;0;720;1470;4935474;0
183;79;0;720;1470;4935481;0
182;80;0;723;1480;4935488;0
180;81;0;720;1460;4935495;0
180;81;0;720;1460;4935502;0
179;82;0;720;1430;4935509;0
178;82;0;720;1410;4935516;0
177;83;0;721;1390;4935524;0
176;83;0;721;1350;4935531;0
174;84;0;723;1330;4935538;0
173;85;0;722;1350;4935545;0
172;85;0;723;1330;4935552;0
170;86;0;722;1350;4935559;0
169;86;0;723;1370;4935566;0
167;87;0;723;1350;4935573;0
166;88;0;723;1350;4935580;0
164;88;0;723;1330;4935587;0
162;89;0;724;1350;4935594;0
160;90;0;726;1380;4935601;0
157;91;0;724;1400;4935608;0
155;92;0;726;1450;4935615;0
153;93;0;726;1520;4935622;0
151;94;0;726;1550;4935629;0
149;95;0;726;1610;4935636;0
147;96;0;726;1660;4935643;0
145;97;0;726;1700;4935650;0
144;98;0;724;1680;4935657;0
143;99;0;726;1640;4935664;0
142;100;0;726;1600;4935671;0
141;101;0;723;1620;4935678;0
139;102;0;723;1620;4935685;0
138;103;0;720;1640;4935692;0
136;103;0;721;1640;4935699;0
135;104;0;726;1600;4935707;0
134;105;0;721;1610;4935714;0
133;106;0;722;1590;4935721;0
131;106;0;721;1570;4935728;0
130;107;0;723;1590;4935735;0
128;108;0;724;1600;4935742;0
126;109;0;726;1620;4935749;0
124;110;0;727;1620;4935756;0
123;111;0;726;1620;4935763;0
122;112;0;727;1600;4935770;0
121;113;0;726;1580;4935777;0
120;113;0;727;1560;4935784;0
120;114;0;727;1550;4935791;0
120;115;0;727;1550;4935798;0
120;115;0;726;1550;4935805;0
120;116;0;726;1590;4935812;0
119;116;0;726;1590;4935819;0
118;117;0;727;1560;4935826;0
117;117;0;726;1550;4935833;0
116;118;0;726;1540;4935840;0
115;118;0;726;1520;4935847;0
114;119;0;726;1500;4935854;0
113;119;0;729;1500;4935861;0
111;120;0;726;1470;4935868;0
110;120;0;729;1460;4935875;0
109;121;0;726;1440;4935882;0
108;122;0;726;1440;4935890;0
106;123;0;727;1480;4935897;0
105;124;0;728;1510;4935904;0
104;125;0;728;1530;4935911;0
104;126;0;728;1560;4935918;0
103;126;0;729;1540;4935925;0
102;127;0;728;1500;4935932;0
102;128;0;726;1490;4935939;0
102;128;0;726;1490;4935946;0
101;129;0;726;1500;4935953;0
100;130;0;727;1530;4935960;0
99;130;0;726;1520;4935967;0
98;130;0;729;1530;4935974;0
98;131;0;729;1540;4935981;0
97;131;0;729;1530;4935988;0
97;132;0;727;1510;4935995;0
97;133;0;726;1480;4936002;0
96;134;0;729;1470;4936009;0
95;135;0;730;1470;4936016;0
94;135;0;727;1470;4936023;0
94;136;0;728;1450;4936030;0
93;136;0;727;1420;4936037;0
93;137;0;729;1390;4936044;0
92;138;0;731;1370;4936051;0
91;138;0;729;1370;4936058;0
91;139;0;733;1350;4936065;0
91;140;0;729;1370;4936072;0
91;140;0;731;1350;4936080;0
91;141;0;732;1310;4936087;0
91;142;0;728;1300;4936094;0
91;143;0;724;1220;4936101;0
90;144;0;724;1200;4936108;0
90;144;0;723;1240;4936115;0
89;145;0;721;1260;4936122;0
88;146;0;726;1310;4936129;0
87;146;0;726;1370;4936136;0
86;147;0;726;1390;4936143;0
85;148;0;727;1400;4936150;0
84;149;0;726;1400;4936157;0
83;150;0;726;1400;4936164;0
83;151;0;727;1400;4936171;0
82;152;0;726;1400;4936178;0
82;153;0;726;1400;4936185;0
82;154;0;726;1440;4936192;0
82;155;0;726;1420;4936199;0
81;156;0;728;1420;4936206;0
81;157;0;726;1400;4936213;0
80;158;0;726;1400;4936220;0
79;159;0;726;1400;4936227;0
79;160;0;726;1400;4936234;0
78;161;0;726;1400;4936241;0
77;162;0;726;1380;4936248;0
76;163;0;726;1370;4936255;0
75;163;0;726;1350;4936263;0
74;164;0;723;1370;4936270;0
74;164;0;724;1350;4936277;0
74;165;0;723;1350;4936284;0
74;166;0;724;1330;4936291;0
74;166;0;724;1300;4936298;0
74;167;0;723;1290;4936305;0
74;168;0;723;1290;4936312;0
74;169;0;723;1260;4936319;0
74;170;0;722;1260;4936326;0
74;170;0;723;1280;4936333;0
74;171;0;723;1240;4936340;0
73;172;0;726;1240;4936347;0
72;173;0;724;1220;4936354;0
71;173;0;723;1220;4936361;0
71;174;0;722;1230;4936368;0
70;175;0;723;1220;4936375;0
70;175;0;722;1240;4936382;0
71;176;0;722;1230;4936389;0
72;176;0;721;1230;4936396;0
72;177;0;720;1220;4936403;0
72;178;0;720;1200;4936410;0
72;178;0;720;1220;4936417;0
71;179;0;721;1230;4936424;0
71;180;0;720;1220;4936431;0
71;181;0;720;1230;4936438;0
72;181;0;720;1230;4936446;0
73;183;0;722;1230;4936453;0
73;184;0;723;1230;4936460;0
73;185;0;711;1210;4936467;0
73;185;0;720;1200;4936474;0
73;186;0;719;1200;4936481;0
72;187;0;719;1190;4936488;0
72;188;0;720;1170;4936495;0
72;188;0;720;1160;4936502;0
71;189;0;719;1160;4936509;0
71;190;0;719;1190;4936516;0
71;190;0;719;1200;4936523;0
71;191;0;720;1240;4936530;0
72;192;0;720;1270;4936537;0
73;192;0;719;1250;4936544;0
74;193;0;718;1250;4936551;0
75;194;0;718;1240;4936558;0
76;195;0;719;1220;4936565;0
76;196;0;718;1230;4936572;0
76;197;0;718;1250;4936579;0
76;198;0;720;1280;4936586;0
76;199;0;714;1320;4936593;0
76;200;0;714;1340;4936600;0
76;201;0;715;1320;4936607;0
76;201;0;715;1310;4936614;0
76;202;0;714;1290;4936621;0
76;202;0;714;1290;4936628;0
76;203;0;716;1280;4936636;0
76;204;0;715;1300;4936643;0
77;204;0;715;1320;4936650;0
78;205;0;715;1340;4936657;0
79;206;0;715;1340;4936664;0
80;207;0;717;1340;4936671;0
80;208;0;714;1310;4936678;0
80;209;0;713;1310;4936685;0
80;210;0;714;1310;4936692;0
80;211;0;714;1310;4936699;0
80;213;0;714;1310;4936706;0
81;214;0;714;1320;4936713;0
82;216;0;714;1320;4936720;0
83;217;0;713;1320;4936727;0
83;218;0;715;1340;4936734;0
84;219;0;715;1320;4936741;0
84;220;0;717;1300;4936748;0
84;221;0;717;1290;4936755;0
84;222;0;715;1290;4936762;0
83;223;0;719;1290;4936769;0
83;224;0;714;1300;4936776;0
83;225;0;714;1320;4936783;0
83;225;0;716;1320;4936790;0
84;227;0;719;1320;4936797;0
84;228;0;720;1320;4936804;0
85;229;0;719;1320;4936811;0
85;230;0;720;1330;4936819;0
86;231;0;720;1330;4936826;0
86;232;0;720;1300;4936833;0
87;234;0;721;1300;4936840;0
87;235;0;718;1290;4936847;0
87;236;0;718;1270;4936854;0
87;237;0;719;1300;4936861;0
87;238;0;717;1300;4936868;0
88;238;0;720;1300;4936875;0
89;239;0;721;1270;4936882;0
89;240;0;718;1270;4936889;0
89;241;0;718;1270;4936896;0
89;242;0;719;1290;4936903;0
89;242;0;720;1290;4936910;0
89;243;0;720;1270;4936917;0
90;243;0;720;1250;4936924;0
90;244;0;719;1250;4936931;0
90;245;0;719;1260;4936938;0
90;245;0;719;1300;4936945;0
90;246;0;720;1350;4936952;0
91;247;0;718;1400;4936959;0
92;248;0;719;1400;4936966;0
93;249;0;721;1400;4936973;0
93;250;0;719;1370;4936980;0
93;251;0;718;1390;4936987;0
93;252;0;718;1390;4936994;0
93;253;0;722;1390;4937002;0
92;254;0;720;1400;4937009;0
92;255;0;720;1420;4937016;0
92;256;0;719;1400;4937023;0
92;256;0;719;1400;4937030;0
92;257;0;719;1400;4937037;0
92;257;0;719;1420;4937044;0
92;258;0;719;1450;4937051;0
92;258;0;719;1450;4937058;0
93;259;0;720;1420;4937065;0
93;259;0;720;1400;4937072;0
93;260;0;720;1410;4937079;0
93;261;0;720;1450;4937086;0
93;262;0;723;1460;4937093;0
93;263;0;723;1480;4937100;0
94;264;0;713;1480;4937107;0
95;265;0;719;1460;4937114;0
95;266;0;720;1460;4937121;0
96;267;0;720;1470;4937128;0
96;268;0;719;1470;4937135;0
96;269;0;720;1490;4937142;0
96;269;0;721;1490;4937149;0
96;270;0;722;1510;4937156;0
96;271;0;723;1470;4937163;0
97;271;0;723;1450;4937170;0
97;272;0;717;1450;4937177;0
97;273;0;726;1430;4937185;0
97;273;0;726;1430;4937192;0
97;274;0;726;1430;4937199;0
97;275;0;726;1430;4937206;0
97;276;0;726;1410;4937213;0
98;276;0;726;1450;4937220;0
98;277;0;726;1420;4937227;0
99;278;0;726;1450;4937234;0
100;279;0;726;1430;4937241;0
100;280;0;726;1450;4937248;0
101;281;0;726;1470;4937255;0
102;281;0;726;1420;4937262;0
103;282;0;727;1390;4937269;0
104;283;0;726;1330;4937276;0
105;284;0;729;1320;4937283;0
105;284;0;729;1320;4937290;0
106;285;0;729;1330;4937297;0
106;285;0;728;1350;4937304;0
107;286;0;729;1330;4937311;0
108;286;0;729;1330;4937318;0
109;287;0;732;1330;4937325;0
111;287;0;729;1350;4937332;0
112;288;0;730;1350;4937339;0
113;289;0;732;1330;4937346;0
114;289;0;731;1320;4937353;0
115;290;0;729;1300;4937360;0
116;291;0;732;1300;4937367;0
117;292;0;730;1330;4937375;0
118;293;0;728;1330;4937382;0
119;294;0;729;1310;4937389;0
119;295;0;729;1330;4937396;0
120;295;0;729;1310;4937403;0
121;296;0;729;1350;4937410;0
122;297;0;729;1350;4937417;0
123;298;0;729;1310;4937424;0
124;299;0;730;1310;4937431;0
125;299;0;730;1260;4937438;0
127;300;0;729;1260;4937445;0
128;301;0;732;1280;4937452;0
129;302;0;732;1280;4937459;0
129;302;0;732;1310;4937466;0
129;303;0;732;1290;4937473;0
130;304;0;733;1270;4937480;0
131;305;0;732;1250;4937487;0
132;306;0;732;1220;4937494;0
134;307;0;732;1240;4937501;0
135;308;0;732;1220;4937508;0
137;309;0;734;1240;4937515;0
138;310;0;726;1230;4937522;0
139;311;0;730;1220;4937529;0
140;312;0;732;1220;4937536;0
140;313;0;732;1210;4937543;0
141;314;0;733;1210;4937550;0
142;315;0;735;1220;4937558;0
143;315;0;738;1210;4937565;0
144;316;0;735;1200;4937572;0
146;317;0;736;1170;4937579;0
147;318;0;742;1160;4937586;0
149;318;0;739;1200;4937593;0
152;319;0;739;1240;4937600;0
154;320;0;742;1290;4937607;0
156;320;0;739;1350;4937614;0
158;321;0;742;1350;4937621;0
160;322;0;739;1370;4937628;0
162;322;0;739;1350;4937635;0
164;323;0;739;1370;4937642;0
166;324;0;741;1330;4937649;0
167;325;0;739;1330;4937656;0
168;325;0;742;1330;4937663;0
169;326;0;739;1330;4937670;0
170;327;0;739;1330;4937677;0
171;327;0;739;1310;4937684;0
172;328;0;740;1330;4937691;0
173;329;0;740;1310;4937698;0
174;329;0;741;1330;4937705;0
175;330;0;741;1310;4937712;0
176;331;0;742;1300;4937719;0
177;331;0;742;1300;4937726;0
179;332;0;741;1260;4937733;0
180;334;0;742;1260;4937741;0
182;335;0;744;1260;4937748;0
185;336;0;739;1250;4937755;0
187;337;0;740;1250;4937762;0
188;338;0;739;1250;4937769;0
190;339;0;742;1260;4937776;0
191;340;0;739;1240;4937783;0
193;341;0;739;1260;4937790;0
194;342;0;739;1240;4937797;0
195;343;0;741;1230;4937804;0
196;344;0;740;1200;4937811;0
197;345;0;745;1240;4937818;0
198;346;0;740;1240;4937825;0
200;347;0;742;1260;4937832;0
202;347;0;744;1270;4937839;0
204;348;0;742;1270;4937846;0
206;348;0;744;1270;4937853;0
209;349;0;744;1270;4937860;0
211;349;0;743;1270;4937867;0
214;350;0;742;1260;4937874;0
217;350;0;743;1260;4937881;0
220;351;0;743;1230;4937888;0
221;351;0;745;1220;4937895;0
223;352;0;742;1200;4937902;0
225;352;0;742;1200;4937909;0
227;353;0;744;1200;4937916;0
228;354;0;742;1200;4937923;0
230;354;0;746;1190;4937931;0
231;355;0;743;1180;4937938;0
232;355;0;745;1180;4937945;0
233;356;0;745;1160;4937952;0
235;356;0;745;1170;4937959;0
236;356;0;747;1170;4937966;0
239;357;0;748;1170;4937973;0
241;357;0;749;1170;4937980;0
243;357;0;754;1170;4937987;0
246;357;0;751;1190;4937994;0
248;357;0;751;1180;4938001;0
250;357;0;752;1180;4938008;0
252;357;0;751;1190;4938015;0
253;357;0;751;1190;4938022;0
255;358;0;752;1200;4938029;0
256;358;0;751;1200;4938036;0
258;358;0;751;1210;4938043;0
259;359;0;751;1210;4938050;0
260;359;0;751;1200;4938057;0
261;359;0;751;1220;4938064;0
262;359;0;751;1220;4938071;0
262;359;0;751;1220;4938078;0
263;360;0;754;1220;4938085;0
264;360;0;754;1220;4938092;0
265;360;0;757;1220;4938099;0
266;361;0;759;1220;4938106;0
267;361;0;760;1220;4938114;0
268;361;0;760;1220;4938121;0
270;361;0;760;1230;4938128;0
271;361;0;760;1230;4938135;0
272;361;0;764;1240;4938142;0
273;362;0;760;1240;4938149;0
274;362;0;761;1230;4938156;0
274;362;0;764;1230;4938163;0
275;362;0;762;1220;4938170;0
275;363;0;762;1240;4938177;0
276;363;0;763;1260;4938184;0
276;363;0;767;1250;4938191;0
276;363;0;769;1250;4938198;0
277;363;0;765;1250;4938205;0
277;363;0;757;1260;4938212;0
277;363;0;764;1260;4938219;0
278;363;0;764;1260;4938226;0
278;363;0;764;1280;4938233;0
279;363;0;764;1260;4938240;0
279;363;0;765;1260;4938247;0
280;363;0;764;1280;4938254;0
281;363;0;767;1260;4938261;0
281;363;0;767;1260;4938268;0
282;364;0;767;1260;4938275;0
282;364;0;767;1260;4938282;0
283;364;0;767;1240;4938289;0
283;364;0;768;1240;4938297;0
284;364;0;770;1240;4938304;0
284;364;0;770;1260;4938311;0
284;364;0;770;1240;4938318;0
284;364;0;773;1250;4938325;0
284;365;0;778;1240;4938332;0
285;365;0;774;1250;4938339;0
286;365;0;777;1260;4938346;0
286;365;0;776;1260;4938353;0
287;365;0;778;1260;4938360;0
288;365;0;774;1260;4938367;0
289;365;0;780;1240;4938374;0
289;366;0;776;1240;4938381;0
290;366;0;776;1200;4938388;0
291;366;0;776;1200;4938395;0
291;366;0;777;1220;4938402;0
292;366;0;778;1260;4938409;0
293;366;0;782;1260;4938416;0
294;366;0;781;1260;4938423;0
295;366;0;783;1240;4938430;0
296;366;0;786;1240;4938437;0
297;366;0;783;1240;4938444;0
297;366;0;787;1220;4938451;0
298;366;0;785;1230;4938458;0
299;366;0;783;1230;4938465;0
300;366;0;783;1230;4938472;0
301;366;0;783;1230;4938479;0
303;366;0;780;1220;4938487;0
304;366;0;785;1240;4938494;0
305;366;0;780;1240;4938501;0
305;367;0;779;1240;4938508;0
306;367;0;779;1210;4938515;0
306;367;0;779;1190;4938522;0
306;367;0;779;1190;4938529;0
306;367;0;778;1200;4938536;0
307;367;0;779;1200;4938543;0
308;367;0;780;1200;4938550;0
309;367;0;782;1200;4938557;0
310;367;0;781;1190;4938564;0
312;367;0;782;1190;4938571;0
313;368;0;781;1200;4938578;0
314;368;0;781;1190;4938585;0
315;368;0;782;1220;4938592;0
317;368;0;782;1220;4938599;0
318;368;0;781;1230;4938606;0
320;368;0;782;1240;4938613;0
321;369;0;782;1240;4938620;0
322;369;0;782;1240;4938627;0
323;369;0;782;1260;4938634;0
324;369;0;781;1240;4938641;0
325;370;0;781;1240;4938648;0
326;370;0;781;1230;4938655;0
327;370;0;782;1220;4938662;0
328;370;0;781;1240;4938670;0
329;370;0;781;1240;4938677;0
330;370;0;781;1240;4938684;0
330;371;0;781;1240;4938691;0
331;371;0;782;1240;4938698;0
332;371;0;786;1250;4938705;0
333;371;0;783;1250;4938712;0
334;371;0;786;1230;4938719;0
335;372;0;782;1220;4938726;0
337;372;0;787;1220;4938733;0
338;372;0;782;1210;4938740;0
340;372;0;784;1210;4938747;0
341;373;0;782;1210;4938754;0
343;373;0;785;1230;4938761;0
344;373;0;782;1230;4938768;0
346;373;0;781;1230;4938775;0
347;374;0;779;1230;4938782;0
348;374;0;781;1230;4938789;0
349;374;0;781;1240;4938796;0
350;375;0;781;1260;4938803;0
352;375;0;781;1260;4938810;0
353;375;0;782;1240;4938817;0
354;376;0;782;1240;4938824;0
355;376;0;782;1260;4938831;0
357;376;0;782;1260;4938838;0
358;377;0;783;1240;4938845;0
359;377;0;782;1240;4938853;0
361;377;0;782;1240;4938860;0
362;378;0;782;1260;4938867;0
364;378;0;782;1280;4938874;0
366;379;0;782;1310;4938881;0
368;380;0;782;1310;4938888;0
369;380;0;784;1300;4938895;0
371;381;0;782;1300;4938902;0
373;381;0;781;1280;4938909;0
374;382;0;782;1240;4938916;0
376;382;0;782;1240;4938923;0
378;383;0;785;1250;4938930;0
379;383;0;780;1250;4938937;0
381;383;0;775;1290;4938944;0
382;383;0;783;1290;4938951;0
384;384;0;782;1310;4938958;0
386;384;0;782;1330;4938965;0
388;384;0;783;1330;4938972;0
390;385;0;784;1330;4938979;0
392;385;0;786;1330;4938986;0
395;385;0;786;1330;4938993;0
397;385;0;782;1350;4939000;0
399;385;0;784;1350;4939007;0
402;386;0;783;1370;4939014;0
404;386;0;782;1370;4939021;0
406;386;0;784;1370;4939028;0
408;387;0;783;1380;4939035;0
411;387;0;784;1400;4939043;0
413;387;0;783;1420;4939050;0
415;387;0;782;1400;4939057;0
418;387;0;784;1400;4939064;0
421;387;0;783;1420;4939071;0
424;387;0;785;1420;4939078;0
427;387;0;785;1420;4939085;0
430;386;0;784;1420;4939092;0
433;386;0;785;1420;4939099;0
435;385;0;785;1420;4939106;0
439;385;0;785;1440;4939113;0
442;385;0;785;1420;4939120;0
445;385;0;785;1440;4939127;0
448;385;0;784;1440;4939134;0
450;385;0;782;1460;4939141;0
453;385;0;783;1460;4939148;0
456;385;0;782;1480;4939155;0
458;385;0;783;1480;4939162;0
461;385;0;782;1480;4939169;0
464;385;0;785;1480;4939176;0
466;385;0;781;1510;4939183;0
468;385;0;782;1480;4939190;0
471;384;0;782;1510;4939197;0
474;384;0;782;1510;4939204;0
477;383;0;784;1510;4939211;0
480;383;0;782;1540;4939218;0
483;382;0;784;1540;4939226;0
487;382;0;782;1520;4939233;0
490;381;0;782;1500;4939240;0
494;381;0;785;1480;4939247;0
497;381;0;781;1460;4939254;0
500;381;0;781;1470;4939261;0
502;381;0;782;1460;4939268;0
505;381;0;781;1460;4939275;0
507;381;0;782;1440;4939282;0
510;381;0;782;1440;4939289;0
512;381;0;779;1440;4939296;0
514;381;0;780;1460;4939303;0
516;381;0;779;1460;4939310;0
518;381;0;782;1460;4939317;0
519;380;0;778;1460;4939324;0
521;380;0;777;1460;4939331;0
523;380;0;776;1460;4939338;0
525;379;0;779;1480;4939345;0
527;379;0;780;1480;4939352;0
528;378;0;776;1480;4939359;0
530;378;0;780;1460;4939366;0
532;377;0;777;1480;4939373;0
534;377;0;776;1480;4939380;0
535;377;0;776;1480;4939387;0
537;376;0;776;1520;4939394;0
538;376;0;777;1520;4939401;0
540;376;0;775;1520;4939409;0
542;376;0;776;1520;4939416;0
543;376;0;776;1520;4939423;0
544;376;0;776;1520;4939430;0
546;376;0;775;1520;4939437;0
548;375;0;776;1540;4939444;0
550;375;0;776;1540;4939451;0
552;375;0;776;1540;4939458;0
554;374;0;777;1540;4939465;0
556;374;0;779;1550;4939472;0
558;374;0;782;1550;4939479;0
559;374;0;778;1580;4939486;0
561;374;0;777;1560;4939493;0
563;374;0;779;1560;4939500;0
564;374;0;782;1560;4939507;0
565;374;0;778;1560;4939514;0
567;374;0;776;1600;4939521;0
569;374;0;778;1600;4939528;0
571;374;0;777;1600;4939535;0
573;374;0;777;1620;4939542;0
575;373;0;780;1620;4939549;0
577;373;0;777;1610;4939556;0
580;372;0;778;1650;4939563;0
582;372;0;779;1580;4939570;0
585;372;0;778;1530;4939577;0
587;371;0;770;1490;4939584;0
589;371;0;779;1450;4939591;0
592;371;0;777;1450;4939599;0
594;370;0;777;1450;4939606;0
596;370;0;777;1470;4939613;0
598;370;0;776;1470;4939620;0
600;370;0;776;1470;4939627;0
602;370;0;778;1470;4939634;0
604;369;0;776;1470;4939641;0
606;369;0;777;1470;4939648;0
608;369;0;776;1470;4939655;0
610;368;0;776;1470;4939662;0
612;368;0;776;1470;4939669;0
614;367;0;776;1470;4939676;0
616;367;0;776;1490;4939683;0
618;366;0;776;1490;4939690;0
621;366;0;777;1490;4939697;0
623;365;0;776;1510;4939704;0
626;365;0;776;1510;4939711;0
628;364;0;776;1510;4939718;0
630;364;0;776;1510;4939725;0
633;363;0;776;1510;4939732;0
635;363;0;776;1510;4939739;0
637;362;0;776;1530;4939746;0
639;362;0;774;1530;4939753;0
641;362;0;774;1550;4939760;0
642;362;0;774;1550;4939767;0
644;361;0;773;1550;4939774;0
646;361;0;769;1550;4939782;0
648;361;0;767;1550;4939789;0
649;361;0;761;1550;4939796;0
651;360;0;760;1580;4939803;0
652;360;0;757;1590;4939810;0
654;360;0;755;1590;4939817;0
655;359;0;751;1580;4939824;0
656;358;0;754;1590;4939831;0
658;357;0;751;1580;4939838;0
659;357;0;751;1600;4939845;0
660;356;0;751;1600;4939852;0
661;355;0;751;1620;4939859;0
662;355;0;751;1610;4939866;0
663;354;0;754;1610;4939873;0
664;354;0;753;1610;4939880;0
666;353;0;754;1610;4939887;0
667;353;0;754;1630;4939894;0
669;352;0;754;1630;4939901;0
670;351;0;752;1650;4939908;0
671;351;0;752;1650;4939915;0
672;350;0;752;1650;4939922;0
673;349;0;752;1680;4939929;0
674;348;0;752;1680;4939936;0
675;347;0;751;1620;4939943;0
677;347;0;752;1560;4939950;0
678;346;0;751;1530;4939957;0
679;345;0;751;1480;4939965;0
680;344;0;752;1460;4939972;0
681;343;0;751;1420;4939979;0
682;342;0;751;1390;4939986;0
683;341;0;752;1330;4939993;0
684;340;0;751;1370;4940000;0
685;339;0;752;1370;4940007;0
686;338;0;752;1370;4940014;0
687;337;0;751;1350;4940021;0
688;336;0;752;1350;4940028;0
689;335;0;751;1350;4940035;0
690;334;0;752;1350;4940042;0
692;333;0;751;1370;4940049;0
693;332;0;753;1390;4940056;0
693;331;0;751;1390;4940063;0
694;330;0;751;1390;4940070;0
695;329;0;751;1390;4940077;0
695;328;0;752;1390;4940084;0
696;327;0;752;1390;4940091;0
696;326;0;752;1390;4940098;0
697;325;0;755;1390;4940105;0
697;324;0;752;1390;4940112;0
698;323;0;757;1390;4940119;0
699;322;0;752;1390;4940126;0
699;321;0;751;1410;4940133;0
700;320;0;752;1410;4940140;0
701;319;0;753;1410;4940147;0
702;317;0;752;1410;4940155;0
703;316;0;754;1430;4940162;0
704;315;0;751;1430;4940169;0
705;314;0;756;1410;4940176;0
706;312;0;745;1410;4940183;0
707;311;0;751;1410;4940190;0
708;310;0;751;1410;4940197;0
709;309;0;755;1410;4940204;0
709;308;0;754;1410;4940211;0
710;307;0;755;1430;4940218;0
711;306;0;755;1430;4940225;0
712;305;0;757;1450;4940232;0
713;304;0;756;1430;4940239;0
713;303;0;757;1430;4940246;0
715;302;0;759;1430;4940253;0
716;301;0;756;1430;4940260;0
718;300;0;756;1450;4940267;0
720;299;0;757;1490;4940274;0
722;298;0;757;1490;4940281;0
723;297;0;756;1510;4940288;0
725;296;0;757;1530;4940295;0
726;294;0;757;1480;4940302;0
727;293;0;757;1480;4940309;0
728;292;0;759;1410;4940316;0
729;291;0;760;1380;4940323;0
730;290;0;760;1350;4940330;0
731;288;0;761;1350;4940338;0
731;287;0;761;1380;4940345;0
732;286;0;763;1380;4940352;0
733;284;0;765;1380;4940359;0
735;283;0;764;1380;4940366;0
735;282;0;763;1440;4940373;0
736;280;0;763;1440;4940380;0
737;279;0;762;1440;4940387;0
738;277;0;763;1470;4940394;0
739;276;0;762;1470;4940401;0
740;274;0;763;1460;4940408;0
741;273;0;767;1510;4940415;0
742;271;0;763;1510;4940422;0
743;270;0;763;1520;4940429;0
743;268;0;764;1550;4940436;0
744;267;0;768;1550;4940443;0
745;265;0;765;1550;4940450;0
745;263;0;765;1550;4940457;0
745;262;0;769;1550;4940464;0
745;260;0;764;1570;4940471;0
745;259;0;764;1610;4940478;0
745;257;0;765;1580;4940485;0
745;256;0;767;1590;4940492;0
745;254;0;767;1590;4940499;0
745;252;0;767;1590;4940506;0
745;251;0;767;1570;4940513;0
745;249;0;767;1580;4940521;0
745;247;0;768;1550;4940528;0
745;245;0;770;1540;4940535;0
746;244;0;768;1510;4940542;0
746;242;0;767;1490;4940549;0
746;240;0;767;1510;4940556;0
748;238;0;767;1520;4940563;0
749;236;0;767;1520;4940570;0
750;235;0;767;1520;4940577;0
750;233;0;765;1550;4940584;0
751;232;0;767;1550;4940591;0
751;230;0;767;1570;4940598;0
752;229;0;765;1570;4940605;0
752;227;0;763;1580;4940612;0
753;226;0;765;1620;4940619;0
753;224;0;765;1630;4940626;0
753;223;0;767;1630;4940633;0
753;221;0;767;1630;4940640;0
752;219;0;767;1630;4940647;0
752;218;0;768;1640;4940654;0
752;216;0;767;1610;4940661;0
752;214;0;772;1620;4940668;0
753;213;0;773;1620;4940675;0
754;211;0;772;1650;4940682;0
755;210;0;771;1660;4940689;0
756;209;0;773;1660;4940696;0
756;208;0;773;1670;4940704;0
757;207;0;776;1670;4940711;0
757;206;0;773;1650;4940718;0
758;205;0;773;1650;4940725;0
758;204;0;773;1680;4940732;0
758;203;0;773;1680;4940739;0
758;203;0;776;1680;4940746;0
758;202;0;773;1680;4940753;0
758;201;0;773;1680;4940760;0
758;200;0;772;1680;4940767;0
758;200;0;773;1680;4940774;0
757;199;0;773;1680;4940781;0
757;198;0;773;1690;4940788;0
757;198;0;773;1650;4940795;0
757;197;0;773;1650;4940802;0
757;196;0;762;1650;4940809;0
757;196;0;783;1620;4940816;0
756;195;0;764;1640;4940823;0
756;195;0;778;1600;4940830;0
756;195;0;778;1600;4940837;0
756;195;0;778;1620;4940844;0
756;194;0;771;1580;4940851;0
756;194;0;778;1620;4940858;0
756;194;0;778;1620;4940865;0
755;194;0;779;1630;4940872;0
755;193;0;779;1590;4940879;0
755;193;0;780;1580;4940886;0
754;193;0;779;1590;4940894;0
754;193;0;779;1580;4940901;0
754;193;0;779;1580;4940908;0
754;193;0;779;1590;4940915;0
754;192;0;779;1590;4940922;0
754;192;0;779;1590;4940929;0
754;192;0;779;1580;4940936;0
754;192;0;779;1580;4940943;0
753;192;0;779;1590;4940950;0
753;191;0;784;1590;4940957;0
753;191;0;780;1590;4940964;0
753;191;0;781;1560;4940971;0
753;190;0;781;1590;4940978;0
753;190;0;782;1590;4940985;0
753;190;0;782;1570;4940992;0
753;190;0;784;1570;4940999;0
753;190;0;785;1570;4941006;0
753;190;0;782;1590;4941013;0
753;190;0;782;1580;4941020;0
753;190;0;782;1600;4941027;0
753;190;0;780;1580;4941034;0
753;190;0;778;1580;4941041;0
753;190;0;777;1590;4941048;0
753;190;0;777;1610;4941055;0
753;190;0;776;1610;4941062;0
753;190;0;776;1610;4941069;0
753;190;0;779;1590;4941077;0
753;190;0;778;1630;4941084;0
753;190;0;776;1590;4941091;0
753;190;0;780;1590;4941098;0
753;190;0;778;1590;4941105;0
753;190;0;777;1590;4941112;0
753;190;0;777;1590;4941119;0
753;190;0;776;1570;4941126;0
753;190;0;779;1570;4941133;0
753;190;0;775;1610;4941140;0
753;190;0;774;1590;4941147;0
753;190;0;773;1580;4941154;0
753;190;0;773;1590;4941161;0
753;190;0;773;1610;4941168;0
753;190;0;773;1610;4941175;0
753;190;0;773;1590;4941182;0
753;191;0;770;1620;4941189;0
753;191;0;770;1580;4941196;0
753;191;0;770;1590;4941203;0
753;191;0;770;1570;4941210;0
753;191;0;770;1570;4941217;0
753;191;0;767;1590;4941224;0
753;191;0;769;1620;4941231;0
753;191;0;770;1590;4941238;0
752;191;0;771;1610;4941245;0
752;191;0;771;1570;4941252;0
752;191;0;771;1560;4941260;0
752;191;0;770;1540;4941267;0
752;191;0;767;1580;4941274;0
752;191;0;759;1580;4941281;0
752;191;0;730;1590;4941288;0
752;192;0;688;1590;4941295;0
752;192;0;623;1580;4941302;0
752;193;0;538;1580;4941309;0
750;193;0;405;1620;4941316;0
748;193;0;54;1600;4941323;0
353;209;0;45;1260;4959074;1
352;208;0;85;1260;4959081;1
352;208;0;96;1250;4959088;1
352;207;0;106;1260;4959095;1
352;206;0;129;1250;4959102;1
352;205;0;151;1250;4959109;1
353;205;0;177;1270;4959116;1
353;203;0;207;1270;4959124;1
354;203;0;236;1290;4959131;1
354;202;0;259;1300;4959138;1
355;201;0;279;1290;4959145;1
355;201;0;297;1300;4959152;1
355;200;0;302;1280;4959159;1
355;200;0;303;1280;4959166;1
355;200;0;304;1280;4959173;1
355;199;0;305;1270;4959180;1
355;200;0;305;1250;4959187;1
354;199;0;302;1270;4959194;1
354;199;0;300;1290;4959201;1
353;199;0;299;1290;4959208;1
352;199;0;300;1300;4959215;1
351;199;0;304;1300;4959222;1
350;199;0;325;1290;4959229;1
349;198;0;369;1270;4959236;1
348;198;0;408;1250;4959243;1
348;197;0;448;1230;4959250;1
348;197;0;464;1220;4959257;1
348;197;0;485;1210;4959264;1
348;197;0;487;1230;4959271;1
348;197;0;499;1180;4959278;1
349;197;0;503;1190;4959285;1
349;197;0;495;1220;4959292;1
349;198;0;501;1170;4959299;1
349;198;0;504;1220;4959307;1
348;199;0;496;1250;4959314;1
347;200;0;505;1230;4959321;1
346;200;0;503;1250;4959328;1
344;201;0;504;1250;4959335;1
343;201;0;508;1220;4959342;1
343;201;0;516;1220;4959349;1
342;201;0;530;1240;4959356;1
341;201;0;542;1250;4959363;1
341;201;0;550;1250;4959370;1
340;201;0;557;1250;4959377;1
340;201;0;564;1250;4959384;1
340;201;0;571;1250;4959391;1
340;201;0;577;1290;4959398;1
340;201;0;583;1300;4959405;1
340;201;0;584;1300;4959412;1
340;201;0;586;1280;4959419;1
340;202;0;590;1260;4959426;1
339;203;0;595;1260;4959433;1
339;204;0;596;1260;4959440;1
339;206;0;596;1260;4959447;1
338;207;0;596;1260;4959454;1
338;207;0;596;1220;4959461;1
337;208;0;595;1240;4959468;1
337;208;0;595;1230;4959475;1
337;208;0;595;1230;4959482;1
336;208;0;596;1250;4959490;1
336;208;0;596;1240;4959497;1
336;208;0;598;1240;4959504;1
336;208;0;600;1240;4959511;1
337;208;0;602;1230;4959518;1
337;208;0;608;1230;4959525;1
337;208;0;614;1220;4959532;1
337;208;0;617;1230;4959539;1
338;208;0;620;1230;4959546;1
338;209;0;623;1230;4959553;1
338;209;0;628;1240;4959560;1
338;210;0;624;1230;4959567;1
338;210;0;624;1250;4959574;1
339;210;0;625;1230;4959581;1
339;211;0;624;1250;4959588;1
339;211;0;627;1230;4959595;1
339;211;0;627;1230;4959602;1
339;210;0;631;1230;4959609;1
339;210;0;635;1230;4959616;1
339;209;0;638;1230;4959623;1
340;208;0;644;1260;4959630;1
341;208;0;653;1240;4959637;1
341;207;0;663;1260;4959644;1
341;207;0;662;1260;4959651;1
341;207;0;666;1260;4959658;1
341;207;0;668;1280;4959665;1
341;207;0;667;1280;4959673;1
341;207;0;667;1280;4959680;1
341;207;0;666;1260;4959687;1
341;207;0;666;1240;4959694;1
340;208;0;666;1240;4959701;1
340;208;0;665;1240;4959708;1
340;208;0;666;1240;4959715;1
339;208;0;667;1230;4959722;1
339;207;0;667;1240;4959729;1
338;207;0;669;1240;4959736;1
338;207;0;672;1240;4959743;1
338;206;0;672;1240;4959750;1
337;206;0;674;1240;4959757;1
337;205;0;677;1260;4959764;1
337;205;0;681;1230;4959771;1
337;205;0;686;1250;4959778;1
337;205;0;693;1250;4959785;1
337;205;0;695;1230;4959792;1
337;205;0;694;1250;4959799;1
337;206;0;694;1250;4959806;1
336;206;0;693;1250;4959813;1
336;207;0;694;1240;4959820;1
335;208;0;693;1230;4959827;1
335;208;0;691;1230;4959834;1
334;208;0;693;1230;4959841;1
334;208;0;693;1250;4959848;1
333;208;0;693;1260;4959855;1
333;208;0;694;1240;4959863;1
332;208;0;695;1240;4959870;1
332;208;0;696;1260;4959877;1
331;208;0;697;1260;4959884;1
331;207;0;698;1260;4959891;1
331;207;0;701;1260;4959898;1
331;207;0;699;1260;4959905;1
331;207;0;698;1250;4959912;1
331;208;0;697;1250;4959919;1
331;208;0;697;1230;4959926;1
330;209;0;697;1220;4959933;1
329;209;0;697;1230;4959940;1
329;210;0;696;1250;4959947;1
329;210;0;696;1250;4959954;1
329;210;0;699;1260;4959961;1
329;210;0;698;1240;4959968;1
329;210;0;697;1260;4959975;1
329;210;0;698;1260;4959982;1
330;210;0;698;1260;4959989;1
330;210;0;698;1240;4959996;1
331;210;0;699;1240;4960003;1
331;209;0;698;1240;4960010;1
332;209;0;697;1240;4960017;1
332;208;0;699;1260;4960024;1
333;207;0;699;1240;4960031;1
334;207;0;699;1280;4960038;1
334;207;0;700;1280;4960046;1
335;206;0;699;1260;4960053;1
335;206;0;703;1280;4960060;1
335;206;0;699;1260;4960067;1
336;206;0;698;1240;4960074;1
336;206;0;698;1240;4960081;1
336;206;0;701;1230;4960088;1
337;206;0;695;1230;4960095;1
337;207;0;694;1240;4960102;1
337;207;0;693;1230;4960109;1
338;207;0;691;1240;4960116;1
338;207;0;693;1260;4960123;1
338;207;0;693;1260;4960130;1
338;207;0;693;1260;4960137;1
338;207;0;694;1280;4960144;1
338;207;0;695;1260;4960151;1
338;206;0;695;1260;4960158;1
338;206;0;694;1280;4960165;1
339;206;0;695;1280;4960172;1
339;206;0;695;1280;4960179;1
339;206;0;695;1300;4960186;1
339;206;0;695;1280;4960193;1
338;206;0;695;1260;4960200;1
338;206;0;693;1260;4960207;1
337;206;0;696;1280;4960214;1
337;206;0;695;1260;4960221;1
336;206;0;696;1280;4960229;1
335;206;0;697;1280;4960236;1
335;206;0;699;1260;4960243;1
334;206;0;700;1280;4960250;1
333;206;0;704;1280;4960257;1
333;206;0;705;1280;4960264;1
333;206;0;707;1260;4960271;1
333;206;0;707;1260;4960278;1
333;206;0;707;1250;4960285;1
333;206;0;705;1220;4960292;1
333;206;0;706;1250;4960299;1
333;206;0;707;1250;4960306;1
333;206;0;706;1270;4960313;1
333;205;0;707;1250;4960320;1
333;205;0;706;1250;4960327;1
333;205;0;708;1250;4960334;1
332;205;0;707;1260;4960341;1
332;205;0;708;1260;4960348;1
331;205;0;707;1260;4960355;1
331;205;0;707;1260;4960362;1
331;205;0;708;1250;4960369;1
331;205;0;707;1280;4960376;1
331;205;0;708;1260;4960383;1
331;205;0;708;1260;4960390;1
331;205;0;709;1280;4960397;1
331;205;0;707;1260;4960404;1
331;205;0;707;1260;4960411;1
331;205;0;708;1280;4960419;1
330;205;0;708;1280;4960426;1
330;205;0;708;1280;4960433;1
330;205;0;712;1280;4960440;1
330;205;0;707;1270;4960447;1
330;205;0;708;1300;4960454;1
330;205;0;710;1280;4960461;1
330;205;0;705;1280;4960468;1
330;205;0;707;1300;4960475;1
330;205;0;707;1260;4960482;1
330;205;0;706;1260;4960489;1
330;205;0;706;1260;4960496;1
330;205;0;708;1280;4960503;1
330;204;0;708;1280;4960510;1
330;204;0;708;1280;4960517;1
329;203;0;709;1300;4960524;1
329;203;0;709;1300;4960531;1
329;203;0;712;1300;4960538;1
329;202;0;716;1300;4960545;1
328;202;0;720;1300;4960552;1
328;202;0;720;1300;4960559;1
328;202;0;720;1300;4960566;1
327;202;0;720;1320;4960573;1
327;202;0;720;1300;4960580;1
326;202;0;720;1290;4960587;1
325;202;0;717;1290;4960594;1
324;202;0;716;1270;4960602;1
323;202;0;717;1260;4960609;1
323;202;0;716;1270;4960616;1
322;202;0;716;1290;4960623;1
322;201;0;717;1270;4960630;1
322;201;0;718;1270;4960637;1
322;201;0;720;1240;4960644;1
322;201;0;720;1240;4960651;1
322;201;0;720;1260;4960658;1
323;201;0;720;1260;4960665;1
324;201;0;720;1290;4960672;1
324;201;0;721;1300;4960679;1
325;201;0;722;1300;4960686;1
325;201;0;723;1300;4960693;1
325;201;0;721;1300;4960700;1
325;201;0;723;1300;4960707;1
325;201;0;721;1300;4960714;1
326;201;0;720;1300;4960721;1
326;201;0;721;1300;4960728;1
326;201;0;723;1300;4960735;1
326;201;0;721;1290;4960742;1
326;201;0;723;1270;4960749;1
326;201;0;722;1290;4960756;1
326;201;0;722;1270;4960763;1
326;201;0;722;1260;4960770;1
326;201;0;720;1290;4960777;1
326;201;0;720;1270;4960785;1
326;201;0;720;1270;4960792;1
326;201;0;719;1290;4960799;1
327;201;0;719;1270;4960806;1
327;201;0;720;1270;4960813;1
327;202;0;720;1270;4960820;1
328;202;0;720;1290;4960827;1
328;202;0;720;1290;4960834;1
329;201;0;719;1290;4960841;1
330;201;0;724;1290;4960848;1
330;201;0;720;1290;4960855;1
331;201;0;722;1320;4960862;1
332;200;0;720;1320;4960869;1
333;200;0;720;1300;4960876;1
334;200;0;720;1300;4960883;1
335;199;0;720;1300;4960890;1
336;199;0;720;1270;4960897;1
337;199;0;720;1280;4960904;1
338;199;0;714;1260;4960911;1
338;199;0;729;1250;4960918;1
338;199;0;720;1290;4960925;1
338;199;0;720;1320;4960932;1
338;199;0;719;1320;4960939;1
338;199;0;719;1300;4960946;1
338;199;0;717;1300;4960953;1
338;199;0;719;1300;4960960;1
338;199;0;718;1290;4960967;1
338;200;0;720;1300;4960975;1
338;200;0;720;1300;4960982;1
338;200;0;719;1300;4960989;1
339;200;0;720;1300;4960996;1
339;201;0;719;1300;4961003;1
339;201;0;718;1280;4961010;1
340;201;0;717;1270;4961017;1
341;201;0;718;1270;4961024;1
343;201;0;719;1300;4961031;1
345;202;0;718;1300;4961038;1
347;203;0;720;1320;4961045;1
349;203;0;720;1300;4961052;1
352;204;0;720;1310;4961059;1
355;205;0;720;1310;4961066;1
357;206;0;720;1330;4961073;1
359;207;0;720;1350;4961080;1
362;208;0;718;1350;4961087;1
364;209;0;719;1350;4961094;1
366;209;0;719;1350;4961101;1
369;209;0;720;1350;4961108;1
372;209;0;720;1370;4961115;1
375;208;0;721;1370;4961122;1
378;208;0;721;1390;4961129;1
381;208;0;723;1410;4961136;1
384;207;0;723;1410;4961143;1
386;207;0;723;1430;4961150;1
389;207;0;724;1410;4961158;1
391;207;0;726;1410;4961165;1
394;207;0;728;1430;4961172;1
395;207;0;729;1450;4961179;1
397;206;0;731;1450;4961186;1
399;206;0;731;1450;4961193;1
401;206;0;732;1420;4961200;1
404;205;0;732;1420;4961207;1
407;204;0;732;1460;4961214;1
410;203;0;734;1500;4961221;1
413;201;0;736;1510;4961228;1
417;200;0;734;1520;4961235;1
420;198;0;734;1470;4961242;1
423;196;0;724;1430;4961249;1
426;195;0;735;1350;4961256;1
428;193;0;736;1350;4961263;1
429;192;0;738;1350;4961270;1
430;191;0;738;1380;4961277;1
431;191;0;736;1440;4961284;1
431;190;0;738;1440;4961291;1
431;190;0;735;1470;4961298;1
432;189;0;735;1410;4961305;1
432;189;0;733;1410;4961312;1
432;188;0;733;1380;4961319;1
432;188;0;734;1320;4961326;1
433;188;0;734;1410;4961333;1
434;187;0;731;1410;4961341;1
435;186;0;731;1430;4961348;1
436;186;0;732;1430;4961355;1
438;185;0;732;1410;4961362;1
440;184;0;735;1410;4961369;1
441;183;0;735;1430;4961376;1
443;183;0;739;1490;4961383;1
444;182;0;741;1490;4961390;1
446;182;0;742;1470;4961397;1
447;182;0;743;1490;4961404;1
447;181;0;742;1490;4961411;1
447;181;0;742;1490;4961418;1
448;181;0;743;1490;4961425;1
448;181;0;748;1490;4961432;1
448;180;0;744;1490;4961439;1
448;180;0;742;1490;4961446;1
447;179;0;739;1540;4961453;1
446;178;0;732;1490;4961460;1
445;177;0;734;1510;4961467;1
443;176;0;728;1510;4961474;1
442;175;0;726;1480;4961481;1
440;173;0;726;1450;4961488;1
438;172;0;724;1450;4961495;1
436;171;0;726;1450;4961502;1
434;169;0;724;1470;4961509;1
431;168;0;724;1470;4961516;1
429;167;0;726;1470;4961523;1
427;165;0;726;1470;4961531;1
424;164;0;728;1450;4961538;1
421;163;0;726;1470;4961545;1
418;162;0;723;1440;4961552;1
415;162;0;726;1440;4961559;1
411;161;0;723;1420;4961566;1
408;160;0;723;1420;4961573;1
404;159;0;724;1430;4961580;1
401;158;0;722;1430;4961587;1
398;157;0;722;1430;4961594;1
395;156;0;721;1430;4961601;1
392;155;0;720;1420;4961608;1
389;154;0;720;1390;4961615;1
387;153;0;717;1350;4961622;1
385;152;0;717;1330;4961629;1
384;150;0;719;1350;4961636;1
382;149;0;718;1370;4961643;1
380;148;0;719;1390;4961650;1
378;148;0;719;1390;4961657;1
375;147;0;720;1370;4961664;1
373;147;0;718;1370;4961671;1
370;147;0;719;1370;4961678;1
368;147;0;719;1370;4961685;1
365;147;0;720;1370;4961692;1
362;148;0;717;1370;4961699;1
359;148;0;719;1330;4961706;1
356;148;0;718;1330;4961714;1
353;148;0;719;1330;4961721;1
350;148;0;718;1310;4961728;1
348;148;0;719;1330;4961735;1
345;147;0;718;1300;4961742;1
342;147;0;718;1300;4961749;1
339;146;0;717;1300;4961756;1
336;146;0;722;1300;4961763;1
334;146;0;717;1280;4961770;1
331;145;0;720;1190;4961777;1
328;145;0;718;1170;4961784;1
325;145;0;722;1150;4961791;1
322;145;0;719;1180;4961798;1
318;146;0;717;1200;4961805;1
315;147;0;719;1200;4961812;1
312;147;0;719;1230;4961819;1
309;148;0;723;1200;4961826;1
306;148;0;718;1240;4961833;1
303;149;0;718;1220;4961840;1
301;149;0;718;1240;4961847;1
298;149;0;719;1260;4961854;1
296;149;0;720;1260;4961861;1
294;149;0;717;1280;4961868;1
292;149;0;719;1280;4961875;1
289;149;0;717;1280;4961882;1
287;149;0;721;1310;4961889;1
285;148;0;722;1310;4961897;1
282;148;0;722;1310;4961904;1
280;148;0;722;1310;4961911;1
278;148;0;724;1350;4961918;1
276;148;0;726;1330;4961925;1
274;148;0;726;1290;4961932;1
271;148;0;729;1270;4961939;1
268;149;0;728;1250;4961946;1
266;150;0;724;1240;4961953;1
262;151;0;723;1220;4961960;1
260;153;0;722;1220;4961967;1
257;154;0;715;1210;4961974;1
254;156;0;706;1200;4961981;1
252;157;0;699;1220;4961988;1
250;159;0;699;1220;4961995;1
247;160;0;693;1190;4962002;1
245;161;0;693;1190;4962009;1
243;163;0;693;1200;4962016;1
241;164;0;690;1190;4962023;1
239;166;0;691;1200;4962030;1
237;167;0;693;1230;4962037;1
235;169;0;696;1230;4962044;1
232;171;0;697;1220;4962051;1
230;173;0;699;1260;4962058;1
228;175;0;700;1260;4962065;1
225;178;0;703;1290;4962072;1
223;181;0;702;1310;4962079;1
219;183;0;702;1330;4962087;1
217;186;0;706;1350;4962094;1
214;189;0;705;1290;4962101;1
212;192;0;705;1230;4962108;1
211;195;0;700;1190;4962115;1
209;197;0;700;1160;4962122;1
209;199;0;699;1190;4962129;1
209;201;0;701;1190;4962136;1
209;203;0;697;1200;4962143;1
209;205;0;695;1200;4962150;1
209;206;0;696;1220;4962157;1
210;208;0;694;1270;4962164;1
212;210;0;695;1310;4962171;1
212;212;0;695;1370;4962178;1
212;215;0;696;1420;4962185;1
212;217;0;696;1370;4962192;1
212;220;0;697;1370;4962199;1
212;223;0;699;1400;4962206;1
212;226;0;701;1310;4962213;1
212;229;0;699;1330;4962220;1
212;232;0;697;1280;4962227;1
212;235;0;700;1220;4962234;1
212;237;0;700;1230;4962241;1
212;240;0;699;1180;4962248;1
212;242;0;699;1160;4962255;1
211;244;0;699;1200;4962262;1
211;245;0;703;1220;4962270;1
212;247;0;701;1230;4962277;1
212;249;0;702;1330;4962284;1
213;251;0;704;1310;4962291;1
214;252;0;704;1300;4962298;1
214;254;0;705;1320;4962305;1
215;256;0;708;1330;4962312;1
216;257;0;707;1300;4962319;1
217;259;0;710;1330;4962326;1
218;261;0;708;1310;4962333;1
219;263;0;707;1330;4962340;1
220;264;0;707;1310;4962347;1
221;266;0;710;1330;4962354;1
223;268;0;708;1320;4962361;1
224;269;0;707;1320;4962368;1
225;271;0;707;1320;4962375;1
226;272;0;709;1290;4962382;1
228;274;0;709;1320;4962389;1
230;275;0;711;1290;4962396;1
231;276;0;717;1320;4962403;1
233;277;0;715;1320;4962410;1
234;278;0;716;1290;4962417;1
235;279;0;717;1300;4962424;1
236;280;0;716;1270;4962431;1
238;281;0;717;1290;4962438;1
239;282;0;717;1270;4962445;1
241;283;0;719;1290;4962453;1
243;284;0;717;1290;4962460;1
244;286;0;719;1270;4962467;1
246;287;0;717;1260;4962474;1
248;288;0;720;1240;4962481;1
250;290;0;717;1260;4962488;1
251;291;0;717;1240;4962495;1
253;292;0;719;1250;4962502;1
256;294;0;717;1250;4962509;1
257;295;0;717;1240;4962516;1
260;296;0;720;1230;4962523;1
262;297;0;717;1210;4962530;1
264;298;0;721;1220;4962537;1
267;299;0;718;1250;4962544;1
270;300;0;718;1250;4962551;1
272;301;0;722;1270;4962558;1
276;302;0;723;1270;4962565;1
279;302;0;726;1270;4962572;1
282;303;0;723;1270;4962579;1
285;303;0;716;1270;4962586;1
289;304;0;724;1270;4962593;1
293;304;0;726;1250;4962600;1
296;304;0;726;1220;4962607;1
301;304;0;726;1190;4962614;1
305;305;0;727;1170;4962621;1
308;305;0;729;1180;4962628;1
312;306;0;728;1190;4962635;1
315;306;0;731;1200;4962643;1
318;307;0;728;1210;4962650;1
321;308;0;731;1210;4962657;1
324;309;0;727;1220;4962664;1
328;309;0;728;1200;4962671;1
331;309;0;730;1220;4962678;1
334;310;0;730;1240;4962685;1
338;310;0;732;1240;4962692;1
342;310;0;734;1240;4962699;1
347;309;0;735;1230;4962706;1
351;309;0;738;1250;4962713;1
356;309;0;739;1250;4962720;1
361;309;0;740;1270;4962727;1
365;309;0;741;1270;4962734;1
369;309;0;743;1270;4962741;1
373;309;0;743;1290;4962748;1
377;309;0;743;1310;4962755;1
381;309;0;743;1310;4962762;1
385;310;0;742;1310;4962769;1
389;310;0;742;1330;4962776;1
394;311;0;745;1350;4962783;1
398;311;0;744;1350;4962790;1
402;311;0;742;1350;4962797;1
406;311;0;747;1350;4962804;1
410;311;0;744;1390;4962811;1
415;310;0;748;1390;4962818;1
419;310;0;746;1390;4962826;1
423;310;0;748;1410;4962833;1
427;309;0;749;1410;4962840;1
432;309;0;750;1410;4962847;1
436;308;0;752;1420;4962854;1
441;307;0;753;1410;4962861;1
445;307;0;754;1430;4962868;1
450;306;0;754;1440;4962875;1
455;306;0;754;1460;4962882;1
460;305;0;755;1480;4962889;1
464;304;0;754;1480;4962896;1
468;304;0;751;1530;4962903;1
473;303;0;750;1540;4962910;1
477;302;0;751;1540;4962917;1
481;301;0;746;1570;4962924;1
485;299;0;745;1610;4962931;1
490;298;0;746;1570;4962938;1
494;296;0;745;1490;4962945;1
499;294;0;745;1430;4962952;1
504;292;0;746;1350;4962959;1
510;290;0;748;1290;4962966;1
515;288;0;752;1320;4962973;1
520;286;0;755;1320;4962980;1
525;285;0;756;1350;4962987;1
530;283;0;757;1380;4962994;1
534;282;0;756;1380;4963001;1
539;281;0;759;1410;4963009;1
543;280;0;753;1450;4963016;1
547;278;0;748;1450;4963023;1
550;277;0;744;1480;4963030;1
553;275;0;740;1540;4963037;1
556;274;0;738;1540;4963044;1
559;272;0;735;1560;4963051;1
562;269;0;734;1560;4963058;1
565;267;0;735;1560;4963065;1
568;265;0;736;1610;4963072;1
571;262;0;738;1610;4963079;1
573;260;0;740;1640;4963086;1
575;258;0;742;1650;4963093;1
578;255;0;743;1570;4963100;1
580;253;0;745;1530;4963107;1
583;251;0;747;1470;4963114;1
585;249;0;749;1390;4963121;1
586;247;0;748;1390;4963128;1
588;245;0;749;1370;4963135;1
589;243;0;746;1380;4963142;1
590;241;0;748;1380;4963149;1
590;239;0;742;1380;4963156;1
590;237;0;740;1380;4963163;1
590;235;0;740;1430;4963170;1
590;232;0;740;1430;4963177;1
590;229;0;741;1440;4963184;1
590;226;0;741;1480;4963192;1
590;223;0;743;1480;4963199;1
590;220;0;748;1490;4963206;1
590;216;0;752;1490;4963213;1
590;213;0;756;1480;4963220;1
590;210;0;760;1500;4963227;1
590;207;0;765;1510;4963234;1
590;205;0;769;1520;4963241;1
590;202;0;770;1520;4963248;1
589;200;0;771;1530;4963255;1
588;198;0;770;1510;4963262;1
587;195;0;768;1480;4963269;1
586;193;0;753;1470;4963276;1
585;190;0;760;1400;4963283;1
583;188;0;757;1480;4963290;1
581;185;0;754;1490;4963297;1
580;182;0;755;1510;4963304;1
578;179;0;757;1540;4963311;1
576;175;0;757;1540;4963318;1
575;172;0;763;1600;4963325;1
573;169;0;768;1670;4963332;1
572;165;0;773;1670;4963339;1
570;162;0;775;1670;4963346;1
568;159;0;777;1660;4963353;1
566;157;0;779;1640;4963360;1
564;154;0;782;1640;4963367;1
562;152;0;780;1640;4963374;1
559;149;0;779;1660;4963382;1
556;147;0;782;1660;4963389;1
553;145;0;778;1620;4963396;1
549;142;0;775;1610;4963403;1
546;140;0;774;1550;4963410;1
542;137;0;776;1490;4963417;1
539;134;0;777;1480;4963424;1
535;132;0;777;1480;4963431;1
531;129;0;775;1490;4963438;1
527;126;0;774;1480;4963445;1
523;123;0;776;1480;4963452;1
519;121;0;777;1500;4963459;1
515;118;0;776;1480;4963466;1
511;115;0;779;1480;4963473;1
507;113;0;780;1490;4963480;1
503;111;0;782;1470;4963487;1
498;109;0;783;1480;4963494;1
493;107;0;782;1460;4963501;1
487;105;0;783;1480;4963508;1
481;104;0;782;1550;4963515;1
476;103;0;773;1560;4963522;1
470;102;0;776;1610;4963529;1
465;101;0;771;1600;4963536;1
460;100;0;764;1580;4963543;1
455;99;0;759;1580;4963550;1
450;98;0;757;1550;4963557;1
445;97;0;750;1540;4963565;1
440;96;0;749;1530;4963572;1
435;95;0;750;1500;4963579;1
430;93;0;748;1500;4963586;1
425;92;0;746;1480;4963593;1
420;92;0;749;1460;4963600;1
415;91;0;750;1430;4963607;1
409;91;0;756;1400;4963614;1
403;90;0;752;1400;4963621;1
397;90;0;753;1410;4963628;1
391;90;0;755;1450;4963635;1
385;90;0;754;1480;4963642;1
380;90;0;756;1640;4963649;1
375;90;0;755;1430;4963656;1
370;89;0;755;1350;4963663;1
365;89;0;756;1390;4963670;1
360;88;0;757;1290;4963677;1
355;88;0;757;1290;4963684;1
350;87;0;757;1240;4963691;1
346;86;0;757;1160;4963698;1
341;86;0;757;1160;4963705;1
337;85;0;757;1150;4963712;1
332;84;0;759;1110;4963719;1
328;84;0;757;1120;4963726;1
324;83;0;757;1090;4963733;1
319;83;0;759;1040;4963740;1
315;83;0;759;990;4963748;1
311;83;0;759;1160;4963755;1
306;83;0;759;1350;4963762;1
302;83;0;759;1500;4963769;1
297;83;0;759;1610;4963776;1
292;83;0;757;1600;4963783;1
288;84;0;757;1540;4963790;1
283;84;0;757;1540;4963797;1
279;85;0;757;1530;4963804;1
274;85;0;757;1480;4963811;1
270;86;0;757;1480;4963818;1
266;86;0;757;1500;4963825;1
261;87;0;757;1460;4963832;1
257;88;0;757;1480;4963839;1
254;88;0;756;1480;4963846;1
250;89;0;757;1450;4963853;1
246;91;0;757;1430;4963860;1
242;92;0;757;1380;4963867;1
238;93;0;757;1350;4963874;1
233;95;0;757;1270;4963881;1
228;97;0;759;1290;4963888;1
222;99;0;757;1250;4963895;1
216;101;0;757;1220;4963902;1
210;104;0;759;1240;4963909;1
203;106;0;757;1240;4963916;1
196;109;0;759;1250;4963923;1
190;111;0;760;1310;4963930;1
185;113;0;760;1310;4963938;1
180;115;0;759;1350;4963945;1
177;116;0;759;1410;4963952;1
174;117;0;759;1430;4963959;1
172;118;0;761;1490;4963966;1
169;119;0;765;1540;4963973;1
165;121;0;765;1510;4963980;1
161;122;0;764;1540;4963987;1
157;124;0;763;1480;4963994;1
152;127;0;765;1460;4964001;1
148;129;0;770;1480;4964008;1
143;132;0;764;1420;4964015;1
140;135;0;764;1350;4964022;1
136;138;0;760;1230;4964029;1
132;141;0;759;1250;4964036;1
129;144;0;754;1260;4964043;1
125;147;0;752;1330;4964050;1
121;150;0;754;1400;4964057;1
118;152;0;749;1400;4964064;1
115;155;0;751;1390;4964071;1
113;157;0;750;1420;4964078;1
111;159;0;751;1440;4964085;1
109;161;0;750;1420;4964092;1
108;163;0;752;1470;4964099;1
108;165;0;751;1450;4964106;1
107;166;0;751;1450;4964113;1
107;168;0;754;1450;4964121;1
107;171;0;753;1420;4964128;1
106;173;0;751;1420;4964135;1
105;176;0;753;1400;4964142;1
104;179;0;750;1390;4964149;1
103;182;0;749;1350;4964156;1
102;185;0;752;1350;4964163;1
100;188;0;747;1300;4964170;1
99;191;0;746;1240;4964177;1
97;194;0;745;1270;4964184;1
95;197;0;745;1270;4964191;1
94;200;0;745;1280;4964198;1
92;202;0;743;1340;4964205;1
91;205;0;740;1320;4964212;1
90;207;0;743;1320;4964219;1
90;209;0;745;1320;4964226;1
89;212;0;746;1320;4964233;1
88;215;0;748;1300;4964240;1
88;218;0;747;1290;4964247;1
88;221;0;751;1270;4964254;1
88;224;0;752;1270;4964261;1
88;227;0;748;1260;4964268;1
87;230;0;746;1260;4964275;1
87;233;0;750;1260;4964282;1
86;237;0;747;1220;4964289;1
86;240;0;745;1180;4964296;1
85;243;0;745;1190;4964304;1
85;246;0;745;1220;4964311;1
84;249;0;745;1230;4964318;1
84;252;0;748;1270;4964325;1
84;255;0;749;1250;4964332;1
84;258;0;748;1270;4964339;1
85;261;0;753;1280;4964346;1
85;264;0;751;1320;4964353;1
86;268;0;750;1320;4964360;1
87;271;0;742;1320;4964367;1
89;274;0;748;1300;4964374;1
90;277;0;748;1300;4964381;1
92;280;0;748;1320;4964388;1
94;284;0;746;1300;4964395;1
96;287;0;746;1280;4964402;1
99;290;0;738;1280;4964409;1
101;293;0;745;1240;4964416;1
103;297;0;745;1280;4964423;1
105;300;0;748;1270;4964430;1
107;303;0;747;1290;4964437;1
109;306;0;747;1330;4964444;1
111;310;0;748;1350;4964451;1
114;313;0;751;1330;4964458;1
116;316;0;749;1350;4964465;1
119;320;0;748;1330;4964472;1
123;323;0;748;1350;4964479;1
127;326;0;753;1310;4964486;1
131;329;0;748;1280;4964494;1
135;332;0;752;1260;4964501;1
140;335;0;749;1260;4964508;1
146;337;0;749;1290;4964515;1
151;340;0;751;1350;4964522;1
156;343;0;751;1390;4964529;1
161;345;0;750;1390;4964536;1
166;347;0;751;1350;4964543;1
171;350;0;751;1320;4964550;1
176;353;0;754;1300;4964557;1
182;356;0;751;1300;4964564;1
189;359;0;751;1300;4964571;1
195;362;0;751;1290;4964578;1
201;365;0;751;1260;4964585;1
207;367;0;752;1210;4964592;1
214;370;0;751;1220;4964599;1
220;372;0;752;1220;4964606;1
227;374;0;752;1220;4964613;1
234;375;0;746;1220;4964620;1
240;377;0;753;1190;4964627;1
246;378;0;754;1180;4964634;1
253;380;0;757;1190;4964641;1
260;381;0;754;1220;4964648;1
267;382;0;756;1240;4964655;1
275;383;0;756;1220;4964662;1
282;383;0;757;1240;4964669;1
290;384;0;756;1220;4964677;1
298;384;0;756;1210;4964684;1
306;385;0;757;1220;4964691;1
314;386;0;759;1220;4964698;1
322;386;0;760;1240;4964705;1
328;387;0;763;1230;4964712;1
335;388;0;763;1210;4964719;1
343;388;0;764;1220;4964726;1
349;389;0;764;1200;4964733;1
356;390;0;762;1230;4964740;1
363;391;0;762;1250;4964747;1
369;392;0;762;1270;4964754;1
376;393;0;763;1250;4964761;1
383;393;0;763;1250;4964768;1
390;394;0;767;1240;4964775;1
397;394;0;764;1290;4964782;1
404;394;0;767;1330;4964789;1
411;394;0;767;1390;4964796;1
419;395;0;771;1400;4964803;1
426;395;0;774;1400;4964810;1
433;395;0;776;1440;4964817;1
441;396;0;777;1460;4964824;1
449;396;0;779;1480;4964831;1
457;396;0;779;1480;4964838;1
464;396;0;777;1510;4964845;1
472;397;0;770;1510;4964852;1
479;397;0;778;1530;4964860;1
486;397;0;776;1510;4964867;1
494;397;0;779;1490;4964874;1
501;397;0;777;1470;4964881;1
508;397;0;780;1450;4964888;1
515;397;0;771;1470;4964895;1
522;396;0;780;1470;4964902;1
528;396;0;780;1490;4964909;1
535;395;0;780;1490;4964916;1
542;395;0;781;1510;4964923;1
548;394;0;783;1530;4964930;1
555;393;0;785;1540;4964937;1
562;392;0;782;1580;4964944;1
569;391;0;783;1600;4964951;1
577;389;0;786;1540;4964958;1
584;388;0;783;1520;4964965;1
592;386;0;784;1480;4964972;1
600;385;0;784;1420;4964979;1
607;384;0;786;1450;4964986;1
615;382;0;783;1450;4964993;1
622;381;0;782;1470;4965000;1
629;380;0;779;1470;4965007;1
635;378;0;770;1490;4965014;1
641;377;0;776;1520;4965021;1
647;375;0;774;1540;4965028;1
652;373;0;775;1580;4965035;1
658;372;0;775;1600;4965042;1
664;370;0;776;1640;4965050;1
670;368;0;779;1590;4965057;1
676;366;0;779;1580;4965064;1
682;364;0;781;1530;4965071;1
688;362;0;782;1510;4965078;1
694;361;0;782;1510;4965085;1
699;359;0;783;1510;4965092;1
704;356;0;782;1510;4965099;1
709;354;0;782;1530;4965106;1
713;352;0;782;1530;4965113;1
718;350;0;781;1560;4965120;1
723;347;0;780;1590;4965127;1
726;345;0;783;1560;4965134;1
730;343;0;780;1540;4965141;1
732;340;0;782;1510;4965148;1
735;338;0;781;1480;4965155;1
737;335;0;781;1510;4965162;1
740;333;0;783;1520;4965169;1
742;330;0;781;1520;4965176;1
745;328;0;782;1550;4965183;1
747;325;0;786;1550;4965190;1
750;323;0;782;1590;4965197;1
752;320;0;783;1630;4965204;1
755;318;0;783;1630;4965211;1
757;316;0;786;1630;4965218;1
759;313;0;784;1620;4965225;1
760;311;0;778;1620;4965233;1
761;310;0;785;1650;4965240;1
762;308;0;785;1650;4965247;1
763;306;0;785;1660;4965254;1
764;305;0;784;1700;4965261;1
764;303;0;782;1700;4965268;1
765;301;0;783;1700;4965275;1
765;300;0;783;1700;4965282;1
765;298;0;784;1700;4965289;1
765;296;0;784;1710;4965296;1
766;295;0;785;1700;4965303;1
767;293;0;784;1680;4965310;1
767;291;0;785;1560;4965317;1
768;290;0;785;1420;4965324;1
768;288;0;785;1350;4965331;1
769;287;0;785;1320;4965338;1
769;286;0;785;1320;4965345;1
769;284;0;784;1350;4965352;1
768;283;0;782;1320;4965359;1
767;282;0;783;1300;4965366;1
767;281;0;783;1320;4965373;1
766;279;0;783;1380;4965380;1
766;278;0;784;1470;4965387;1
765;277;0;786;1540;4965394;1
764;275;0;785;1670;4965401;1
764;274;0;786;1630;4965408;1
763;273;0;788;1640;4965416;1
763;271;0;789;1640;4965423;1
762;270;0;789;1640;4965430;1
762;269;0;792;1640;4965437;1
761;267;0;792;1640;4965444;1
761;266;0;792;1650;4965451;1
761;264;0;792;1650;4965458;1
761;263;0;792;1660;4965465;1
761;261;0;792;1660;4965472;1
761;259;0;792;1660;4965479;1
760;257;0;792;1630;4965486;1
760;255;0;792;1670;4965493;1
760;253;0;794;1670;4965500;1
761;251;0;797;1670;4965507;1
761;249;0;801;1710;4965514;1
762;248;0;804;1670;4965521;1
762;246;0;802;1660;4965528;1
763;244;0;803;1650;4965535;1
763;242;0;803;1590;4965542;1
763;240;0;803;1610;4965549;1
763;238;0;803;1540;4965556;1
763;236;0;803;1550;4965563;1
763;234;0;803;1550;4965570;1
762;232;0;802;1550;4965577;1
761;231;0;804;1550;4965584;1
761;229;0;805;1570;4965591;1
761;227;0;805;1570;4965598;1
760;226;0;805;1570;4965606;1
760;225;0;805;1610;4965613;1
760;224;0;806;1620;4965620;1
760;223;0;806;1650;4965627;1
760;221;0;806;1660;4965634;1
760;220;0;805;1660;4965641;1
760;219;0;805;1680;4965648;1
761;218;0;803;1680;4965655;1
761;217;0;803;1690;4965662;1
761;216;0;805;1690;4965669;1
761;215;0;805;1690;4965676;1
761;215;0;806;1690;4965683;1
760;214;0;806;1690;4965690;1
760;213;0;810;1690;4965697;1
759;212;0;806;1670;4965704;1
758;211;0;807;1660;4965711;1
757;210;0;812;1660;4965718;1
756;210;0;808;1670;4965725;1
756;209;0;812;1670;4965732;1
755;208;0;807;1670;4965739;1
754;208;0;809;1670;4965746;1
754;207;0;809;1670;4965753;1
753;207;0;809;1670;4965760;1
753;206;0;809;1670;4965767;1
753;206;0;812;1670;4965774;1
752;206;0;808;1650;4965781;1
752;206;0;806;1670;4965789;1
752;206;0;806;1670;4965796;1
752;205;0;804;1670;4965803;1
752;205;0;803;1690;4965810;1
752;205;0;803;1670;4965817;1
752;205;0;801;1670;4965824;1
752;205;0;800;1660;4965831;1
751;205;0;800;1650;4965838;1
751;204;0;800;1640;4965845;1
751;204;0;801;1650;4965852;1
750;204;0;801;1650;4965859;1
750;204;0;803;1670;4965866;1
750;203;0;802;1650;4965873;1
750;203;0;803;1670;4965880;1
750;203;0;803;1670;4965887;1
750;203;0;803;1670;4965894;1
750;203;0;806;1680;4965901;1
750;203;0;801;1650;4965908;1
750;203;0;800;1680;4965915;1
749;203;0;800;1680;4965922;1
749;203;0;797;1680;4965929;1
749;203;0;794;1680;4965936;1
749;202;0;792;1680;4965943;1
749;202;0;787;1680;4965950;1
748;202;0;786;1680;4965957;1
748;202;0;785;1670;4965964;1
748;202;0;785;1670;4965972;1
747;202;0;784;1650;4965979;1
747;201;0;783;1650;4965986;1
747;201;0;782;1670;4965993;1
746;201;0;781;1650;4966000;1
746;201;0;780;1650;4966007;1
746;201;0;778;1650;4966014;1
745;201;0;776;1650;4966021;1
745;201;0;773;1650;4966028;1
745;201;0;768;1670;4966035;1
745;201;0;757;1670;4966042;1
745;201;0;750;1650;4966049;1
745;201;0;740;1650;4966056;1
745;202;0;731;1650;4966063;1
745;202;0;723;1650;4966070;1
745;202;0;717;1650;4966077;1
744;202;0;717;1650;4966084;1
744;202;0;717;1650;4966091;1
744;202;0;716;1670;4966098;1
744;202;0;716;1670;4966105;1
744;203;0;719;1680;4966112;1
744;203;0;721;1650;4966119;1
743;203;0;720;1650;4966126;1
743;203;0;719;1650;4966133;1
742;204;0;718;1650;4966140;1
742;204;0;717;1650;4966147;1
742;204;0;718;1650;4966154;1
742;204;0;717;1650;4966162;1
741;204;0;717;1650;4966169;1
741;204;0;717;1670;4966176;1
741;204;0;719;1650;4966183;1
741;204;0;719;1650;4966190;1
741;204;0;719;1640;4966197;1
741;204;0;720;1650;4966204;1
741;204;0;719;1650;4966211;1
742;205;0;717;1650;4966218;1
742;205;0;717;1640;4966225;1
742;205;0;713;1640;4966232;1
743;206;0;705;1650;4966239;1
743;206;0;691;1640;4966246;1
743;206;0;675;1650;4966253;1
743;206;0;663;1650;4966260;1
743;206;0;660;1670;4966267;1
742;206;0;660;1660;4966274;1
741;206;0;662;1660;4966281;1
740;206;0;666;1640;4966288;1
739;205;0;675;1640;4966295;1
738;205;0;684;1650;4966302;1
737;205;0;694;1650;4966309;1
737;204;0;702;1650;4966316;1
736;204;0;708;1650;4966323;1
736;204;0;711;1650;4966330;1
736;204;0;711;1620;4966337;1
736;204;0;713;1640;4966345;1
736;204;0;704;1650;4966352;1
736;203;0;693;1620;4966359;1
736;203;0;675;1640;4966366;1
736;203;0;657;1640;4966373;1
736;203;0;636;1640;4966380;1
736;203;0;615;1640;4966387;1
735;203;0;594;1620;4966394;1
735;203;0;562;1620;4966401;1
735;203;0;528;1620;4966408;1
735;203;0;499;1650;4966415;1
734;203;0;474;1650;4966422;1
734;203;0;444;1650;4966429;1
734;203;0;373;1640;4966436;1
733;202;0;191;1650;4966443;1
