373;202;0;6;1330;10380546;0
373;202;0;33;1330;10380553;0
373;202;0;36;1330;10380560;0
372;202;0;36;1320;10380567;0
372;202;0;37;1330;10380574;0
372;202;0;37;1320;10380581;0
372;202;0;35;1330;10380588;0
372;202;0;33;1320;10380595;0
372;202;0;33;1300;10380602;0
372;202;0;40;1320;10380609;0
372;203;0;73;1330;10380616;0
372;203;0;115;1330;10380623;0
372;203;0;156;1330;10380630;0
373;203;0;182;1330;10380637;0
373;202;0;202;1320;10380644;0
373;202;0;214;1330;10380651;0
373;202;0;227;1320;10380658;0
373;202;0;240;1320;10380665;0
374;202;0;244;1330;10380672;0
374;202;0;247;1330;10380679;0
374;202;0;249;1330;10380686;0
374;202;0;251;1320;10380694;0
374;202;0;253;1320;10380701;0
374;203;0;254;1330;10380708;0
374;203;0;257;1330;10380715;0
374;203;0;259;1330;10380722;0
374;203;0;264;1330;10380729;0
374;203;0;272;1330;10380736;0
374;203;0;279;1330;10380743;0
374;203;0;289;1330;10380750;0
374;204;0;300;1330;10380757;0
374;204;0;309;1330;10380764;0
375;204;0;315;1330;10380771;0
375;204;0;319;1320;10380778;0
376;204;0;324;1320;10380785;0
377;204;0;325;1300;10380792;0
377;203;0;326;1320;10380799;0
378;203;0;328;1330;10380806;0
379;203;0;331;1340;10380813;0
380;203;0;336;1350;10380820;0
381;203;0;343;1340;10380827;0
381;203;0;348;1330;10380834;0
382;202;0;354;1320;10380841;0
382;202;0;358;1320;10380848;0
383;202;0;363;1300;10380855;0
384;202;0;370;1330;10380862;0
385;201;0;377;1330;10380869;0
385;201;0;384;1330;10380877;0
386;201;0;390;1340;10380884;0
386;200;0;399;1340;10380891;0
386;200;0;406;1340;10380898;0
386;199;0;414;1340;10380905;0
386;199;0;427;1340;10380912;0
386;199;0;437;1340;10380919;0
386;198;0;446;1330;10380926;0
386;197;0;451;1320;10380933;0
386;197;0;448;1300;10380940;0
386;196;0;462;1280;10380947;0
386;196;0;463;1300;10380954;0
387;195;0;465;1300;10380961;0
387;195;0;468;1300;10380968;0
387;195;0;469;1320;10380975;0
387;194;0;472;1320;10380982;0
387;194;0;476;1320;10380989;0
387;193;0;480;1320;10380996;0
387;193;0;483;1320;10381003;0
388;192;0;486;1330;10381010;0
388;192;0;490;1320;10381017;0
388;191;0;495;1330;10381024;0
389;191;0;499;1330;10381031;0
389;190;0;503;1330;10381038;0
389;190;0;506;1340;10381045;0
389;189;0;506;1350;10381052;0
389;188;0;508;1350;10381059;0
390;188;0;508;1350;10381067;0
390;187;0;509;1350;10381074;0
390;186;0;511;1350;10381081;0
390;186;0;512;1360;10381088;0
390;185;0;515;1360;10381095;0
390;185;0;516;1370;10381102;0
389;184;0;518;1360;10381109;0
389;184;0;519;1360;10381116;0
388;183;0;521;1350;10381123;0
388;183;0;522;1350;10381130;0
387;183;0;525;1350;10381137;0
386;183;0;526;1340;10381144;0
385;182;0;528;1350;10381151;0
384;182;0;529;1350;10381158;0
383;182;0;534;1350;10381165;0
382;182;0;540;1360;10381172;0
381;181;0;546;1360;10381179;0
380;181;0;551;1370;10381186;0
380;181;0;556;1360;10381193;0
379;181;0;558;1350;10381200;0
378;180;0;559;1360;10381207;0
377;180;0;561;1360;10381214;0
376;180;0;562;1350;10381221;0
374;179;0;562;1350;10381228;0
373;179;0;562;1350;10381235;0
371;179;0;562;1350;10381242;0
370;179;0;562;1370;10381250;0
368;179;0;562;1360;10381257;0
366;179;0;562;1370;10381264;0
363;179;0;562;1350;10381271;0
361;179;0;562;1360;10381278;0
359;179;0;562;1350;10381285;0
356;179;0;562;1350;10381292;0
354;179;0;561;1330;10381299;0
352;179;0;561;1320;10381306;0
350;179;0;561;1320;10381313;0
348;180;0;561;1320;10381320;0
345;180;0;561;1320;10381327;0
344;180;0;561;1320;10381334;0
342;180;0;561;1320;10381341;0
340;181;0;561;1330;10381348;0
339;181;0;561;1320;10381355;0
338;181;0;561;1330;10381362;0
337;181;0;561;1340;10381369;0
336;181;0;561;1330;10381376;0
335;182;0;561;1330;10381383;0
335;182;0;561;1340;10381390;0
334;182;0;561;1340;10381397;0
334;182;0;561;1330;10381404;0
333;182;0;561;1340;10381411;0
333;183;0;561;1340;10381418;0
332;183;0;561;1330;10381425;0
331;183;0;561;1340;10381433;0
331;184;0;559;1330;10381440;0
330;184;0;559;1330;10381447;0
329;185;0;559;1340;10381454;0
328;186;0;559;1330;10381461;0
328;186;0;559;1340;10381468;0
327;187;0;559;1320;10381475;0
326;187;0;559;1320;10381482;0
325;188;0;559;1320;10381489;0
324;188;0;559;1320;10381496;0
324;189;0;559;1320;10381503;0
323;189;0;559;1320;10381510;0
322;189;0;559;1320;10381517;0
322;190;0;561;1320;10381524;0
321;190;0;561;1320;10381531;0
320;191;0;559;1320;10381538;0
319;191;0;559;1300;10381545;0
318;192;0;559;1290;10381552;0
318;192;0;559;1290;10381559;0
317;193;0;559;1280;10381566;0
316;194;0;559;1290;10381573;0
315;195;0;559;1280;10381580;0
315;196;0;558;1270;10381587;0
313;197;0;559;1270;10381594;0
313;198;0;559;1260;10381601;0
312;198;0;557;1270;10381608;0
312;199;0;562;1270;10381615;0
311;200;0;559;1260;10381623;0
311;200;0;559;1260;10381630;0
310;201;0;561;1250;10381637;0
310;202;0;561;1250;10381644;0
309;203;0;562;1250;10381651;0
308;204;0;562;1260;10381658;0
308;205;0;562;1270;10381665;0
307;206;0;563;1260;10381672;0
306;207;0;564;1280;10381679;0
305;208;0;564;1270;10381686;0
304;210;0;565;1280;10381693;0
304;211;0;565;1270;10381700;0
304;212;0;565;1270;10381707;0
303;213;0;566;1280;10381714;0
303;215;0;568;1280;10381721;0
303;216;0;570;1270;10381728;0
304;217;0;572;1270;10381735;0
304;218;0;574;1270;10381742;0
305;219;0;576;1260;10381749;0
305;220;0;577;1270;10381756;0
305;221;0;577;1270;10381763;0
306;223;0;579;1260;10381770;0
306;224;0;580;1260;10381777;0
306;224;0;580;1260;10381784;0
307;225;0;580;1280;10381791;0
307;226;0;581;1280;10381798;0
307;227;0;581;1290;10381806;0
307;228;0;581;1290;10381813;0
308;229;0;582;1300;10381820;0
308;229;0;582;1280;10381827;0
309;230;0;583;1280;10381834;0
310;231;0;583;1280;10381841;0
311;232;0;583;1280;10381848;0
312;232;0;583;1280;10381855;0
313;233;0;583;1280;10381862;0
314;234;0;583;1300;10381869;0
315;235;0;583;1290;10381876;0
316;235;0;583;1290;10381883;0
316;236;0;584;1300;10381890;0
317;237;0;583;1300;10381897;0
318;238;0;584;1300;10381904;0
318;239;0;583;1300;10381911;0
318;240;0;583;1290;10381918;0
319;240;0;584;1290;10381925;0
319;241;0;584;1290;10381932;0
320;242;0;584;1290;10381939;0
321;243;0;584;1290;10381946;0
321;244;0;584;1290;10381953;0
322;244;0;584;1290;10381960;0
323;245;0;585;1280;10381967;0
325;245;0;585;1280;10381974;0
326;246;0;585;1280;10381981;0
327;247;0;586;1280;10381989;0
329;247;0;585;1280;10381996;0
330;248;0;586;1280;10382003;0
331;249;0;586;1270;10382010;0
333;249;0;586;1260;10382017;0
334;250;0;586;1260;10382024;0
335;250;0;586;1260;10382031;0
336;251;0;586;1260;10382038;0
338;252;0;586;1260;10382045;0
339;252;0;586;1270;10382052;0
340;253;0;586;1270;10382059;0
341;253;0;586;1260;10382066;0
342;254;0;586;1260;10382073;0
343;254;0;587;1230;10382080;0
344;255;0;586;1250;10382087;0
345;256;0;587;1250;10382094;0
346;256;0;587;1250;10382101;0
346;257;0;587;1270;10382108;0
347;257;0;587;1270;10382115;0
348;258;0;587;1270;10382122;0
349;259;0;587;1270;10382129;0
351;259;0;588;1270;10382136;0
352;259;0;588;1280;10382143;0
354;259;0;588;1270;10382150;0
355;260;0;589;1280;10382157;0
357;260;0;589;1280;10382164;0
359;260;0;589;1290;10382172;0
360;260;0;589;1290;10382179;0
362;260;0;589;1290;10382186;0
363;260;0;589;1300;10382193;0
365;260;0;589;1280;10382200;0
366;260;0;589;1280;10382207;0
368;260;0;589;1290;10382214;0
369;261;0;589;1300;10382221;0
370;261;0;590;1300;10382228;0
372;261;0;590;1310;10382235;0
373;261;0;590;1300;10382242;0
374;261;0;590;1290;10382249;0
375;261;0;590;1290;10382256;0
376;261;0;592;1290;10382263;0
377;260;0;592;1300;10382270;0
378;260;0;592;1290;10382277;0
379;260;0;592;1300;10382284;0
380;260;0;592;1300;10382291;0
381;260;0;590;1300;10382298;0
382;260;0;592;1300;10382305;0
384;260;0;592;1300;10382312;0
385;260;0;594;1300;10382319;0
386;260;0;592;1300;10382326;0
388;260;0;594;1310;10382333;0
390;260;0;594;1300;10382340;0
391;259;0;594;1330;10382347;0
393;259;0;594;1330;10382354;0
395;259;0;594;1340;10382362;0
398;259;0;594;1350;10382369;0
400;258;0;594;1350;10382376;0
402;258;0;594;1360;10382383;0
404;258;0;594;1360;10382390;0
407;257;0;594;1360;10382397;0
409;257;0;594;1360;10382404;0
411;256;0;594;1380;10382411;0
413;256;0;594;1380;10382418;0
416;255;0;595;1380;10382425;0
418;255;0;594;1380;10382432;0
420;254;0;595;1380;10382439;0
422;254;0;595;1380;10382446;0
424;253;0;595;1380;10382453;0
426;253;0;594;1380;10382460;0
428;252;0;596;1390;10382467;0
430;252;0;596;1380;10382474;0
432;251;0;596;1380;10382481;0
434;251;0;598;1380;10382488;0
436;251;0;599;1380;10382495;0
438;250;0;599;1380;10382502;0
441;250;0;599;1380;10382509;0
442;249;0;599;1380;10382516;0
444;249;0;601;1360;10382523;0
446;248;0;601;1360;10382530;0
447;248;0;601;1360;10382537;0
449;247;0;602;1350;10382545;0
450;247;0;603;1360;10382552;0
452;246;0;605;1360;10382559;0
453;246;0;606;1380;10382566;0
455;245;0;607;1380;10382573;0
456;244;0;608;1390;10382580;0
458;244;0;609;1390;10382587;0
460;243;0;609;1400;10382594;0
461;242;0;611;1390;10382601;0
462;242;0;611;1390;10382608;0
464;241;0;613;1390;10382615;0
466;240;0;612;1390;10382622;0
467;239;0;614;1400;10382629;0
468;239;0;614;1400;10382636;0
470;238;0;614;1400;10382643;0
471;237;0;617;1400;10382650;0
472;236;0;617;1400;10382657;0
472;236;0;616;1420;10382664;0
473;235;0;620;1420;10382671;0
475;234;0;621;1430;10382678;0
476;233;0;623;1430;10382685;0
477;232;0;623;1430;10382692;0
478;231;0;623;1430;10382699;0
479;230;0;625;1440;10382706;0
480;229;0;629;1440;10382713;0
481;228;0;632;1440;10382720;0
482;227;0;634;1470;10382728;0
483;226;0;633;1460;10382735;0
485;225;0;635;1450;10382742;0
486;224;0;641;1470;10382749;0
487;223;0;637;1470;10382756;0
488;222;0;638;1480;10382763;0
490;221;0;639;1480;10382770;0
491;219;0;640;1480;10382777;0
492;218;0;641;1470;10382784;0
493;217;0;644;1460;10382791;0
494;216;0;645;1460;10382798;0
495;214;0;647;1460;10382805;0
497;213;0;645;1460;10382812;0
498;212;0;648;1460;10382819;0
500;210;0;649;1460;10382826;0
501;208;0;651;1470;10382833;0
502;207;0;657;1490;10382840;0
503;206;0;653;1480;10382847;0
503;204;0;655;1480;10382854;0
504;203;0;657;1480;10382861;0
504;202;0;652;1480;10382868;0
504;201;0;661;1490;10382875;0
504;199;0;662;1490;10382882;0
504;198;0;662;1480;10382889;0
505;196;0;663;1460;10382896;0
505;195;0;654;1440;10382903;0
505;194;0;667;1430;10382910;0
505;192;0;669;1420;10382918;0
505;191;0;672;1430;10382925;0
505;190;0;672;1430;10382932;0
505;188;0;672;1420;10382939;0
505;187;0;672;1420;10382946;0
504;186;0;676;1420;10382953;0
504;185;0;677;1420;10382960;0
504;184;0;671;1430;10382967;0
503;182;0;673;1440;10382974;0
503;181;0;677;1440;10382981;0
503;180;0;675;1440;10382988;0
502;179;0;672;1440;10382995;0
502;178;0;678;1430;10383002;0
502;177;0;678;1450;10383009;0
502;176;0;675;1450;10383016;0
502;174;0;675;1450;10383023;0
502;173;0;679;1460;10383030;0
502;172;0;675;1460;10383037;0
503;171;0;675;1460;10383044;0
503;169;0;676;1450;10383051;0
503;168;0;675;1450;10383058;0
502;167;0;678;1440;10383065;0
502;166;0;678;1450;10383072;0
501;165;0;678;1450;10383079;0
501;163;0;680;1450;10383086;0
500;162;0;680;1450;10383093;0
498;161;0;679;1450;10383101;0
497;160;0;679;1440;10383108;0
496;159;0;679;1430;10383115;0
494;158;0;680;1430;10383122;0
492;157;0;679;1430;10383129;0
491;157;0;681;1450;10383136;0
489;156;0;679;1440;10383143;0
487;155;0;679;1450;10383150;0
486;154;0;679;1460;10383157;0
484;153;0;679;1440;10383164;0
482;152;0;681;1460;10383171;0
481;151;0;681;1440;10383178;0
479;150;0;681;1460;10383185;0
478;149;0;681;1440;10383192;0
476;148;0;680;1440;10383199;0
474;147;0;681;1440;10383206;0
473;146;0;684;1440;10383213;0
471;145;0;679;1430;10383220;0
470;145;0;679;1430;10383227;0
468;144;0;683;1410;10383234;0
467;143;0;680;1390;10383241;0
466;142;0;678;1390;10383248;0
464;141;0;679;1390;10383255;0
463;140;0;680;1390;10383262;0
462;139;0;681;1390;10383269;0
461;138;0;680;1400;10383276;0
459;137;0;680;1400;10383284;0
458;137;0;684;1390;10383291;0
457;136;0;679;1390;10383298;0
455;135;0;679;1390;10383305;0
454;135;0;679;1400;10383312;0
452;134;0;679;1390;10383319;0
450;133;0;681;1400;10383326;0
448;133;0;678;1400;10383333;0
445;132;0;678;1400;10383340;0
443;132;0;679;1400;10383347;0
440;131;0;678;1400;10383354;0
438;131;0;678;1390;10383361;0
435;131;0;679;1390;10383368;0
433;130;0;678;1390;10383375;0
431;130;0;678;1390;10383382;0
429;129;0;678;1400;10383389;0
427;128;0;679;1400;10383396;0
425;128;0;679;1400;10383403;0
424;127;0;679;1400;10383410;0
422;126;0;679;1400;10383417;0
420;125;0;678;1410;10383424;0
418;125;0;681;1410;10383431;0
416;124;0;680;1410;10383438;0
414;123;0;681;1410;10383445;0
412;123;0;678;1410;10383452;0
409;122;0;678;1400;10383459;0
407;122;0;677;1400;10383466;0
404;121;0;678;1410;10383474;0
401;120;0;677;1420;10383481;0
398;120;0;679;1410;10383488;0
395;119;0;676;1420;10383495;0
392;119;0;680;1400;10383502;0
389;118;0;678;1410;10383509;0
387;118;0;680;1410;10383516;0
384;117;0;678;1420;10383523;0
382;117;0;678;1420;10383530;0
379;116;0;678;1410;10383537;0
377;116;0;678;1410;10383544;0
374;116;0;677;1410;10383551;0
372;116;0;677;1410;10383558;0
369;115;0;677;1380;10383565;0
366;115;0;677;1380;10383572;0
364;115;0;677;1370;10383579;0
361;115;0;676;1360;10383586;0
358;115;0;676;1370;10383593;0
355;115;0;676;1370;10383600;0
352;115;0;677;1360;10383607;0
349;115;0;676;1370;10383614;0
346;115;0;677;1360;10383621;0
343;116;0;677;1350;10383628;0
340;116;0;676;1350;10383635;0
338;116;0;677;1350;10383642;0
335;116;0;676;1350;10383649;0
333;116;0;677;1350;10383657;0
330;117;0;677;1360;10383664;0
327;117;0;678;1350;10383671;0
324;117;0;676;1350;10383678;0
321;118;0;677;1340;10383685;0
318;118;0;677;1320;10383692;0
315;119;0;678;1320;10383699;0
311;119;0;677;1330;10383706;0
308;120;0;676;1320;10383713;0
304;120;0;677;1310;10383720;0
301;121;0;678;1280;10383727;0
297;122;0;681;1270;10383734;0
293;122;0;677;1270;10383741;0
290;123;0;680;1260;10383748;0
286;124;0;676;1260;10383755;0
283;124;0;678;1250;10383762;0
279;125;0;677;1240;10383769;0
276;126;0;678;1240;10383776;0
272;126;0;676;1220;10383783;0
269;127;0;678;1220;10383790;0
266;128;0;679;1210;10383797;0
262;129;0;678;1200;10383804;0
258;130;0;677;1190;10383811;0
255;131;0;678;1180;10383818;0
251;132;0;678;1170;10383825;0
248;133;0;678;1180;10383832;0
245;134;0;678;1170;10383840;0
242;135;0;678;1190;10383847;0
239;136;0;678;1190;10383854;0
235;138;0;677;1190;10383861;0
232;139;0;680;1200;10383868;0
230;140;0;679;1200;10383875;0
227;142;0;681;1210;10383882;0
224;143;0;680;1210;10383889;0
221;145;0;680;1200;10383896;0
218;146;0;680;1220;10383903;0
215;148;0;681;1240;10383910;0
212;149;0;682;1220;10383917;0
210;151;0;684;1220;10383924;0
207;152;0;686;1200;10383931;0
205;154;0;683;1190;10383938;0
203;156;0;684;1210;10383945;0
201;157;0;685;1230;10383952;0
200;159;0;686;1250;10383959;0
199;161;0;688;1260;10383966;0
198;163;0;687;1250;10383973;0
197;165;0;684;1260;10383980;0
196;167;0;687;1260;10383987;0
195;168;0;687;1260;10383994;0
195;170;0;690;1270;10384001;0
194;172;0;691;1270;10384008;0
194;174;0;687;1270;10384015;0
194;176;0;687;1270;10384022;0
194;178;0;688;1270;10384030;0
194;180;0;689;1270;10384037;0
193;181;0;690;1290;10384044;0
193;184;0;690;1270;10384051;0
192;186;0;691;1290;10384058;0
192;188;0;696;1270;10384065;0
191;190;0;696;1260;10384072;0
190;192;0;696;1270;10384079;0
190;194;0;694;1260;10384086;0
189;196;0;693;1250;10384093;0
188;198;0;693;1240;10384100;0
188;200;0;700;1230;10384107;0
187;201;0;690;1220;10384114;0
187;203;0;687;1220;10384121;0
187;204;0;687;1230;10384128;0
187;206;0;690;1230;10384135;0
188;207;0;687;1230;10384142;0
188;209;0;691;1240;10384149;0
188;210;0;690;1250;10384156;0
188;212;0;687;1250;10384163;0
188;213;0;689;1270;10384170;0
188;215;0;690;1250;10384177;0
188;216;0;693;1250;10384184;0
188;218;0;689;1250;10384191;0
188;220;0;689;1240;10384198;0
189;221;0;690;1250;10384205;0
189;223;0;690;1250;10384213;0
190;225;0;689;1250;10384220;0
190;226;0;689;1250;10384227;0
191;228;0;688;1240;10384234;0
191;229;0;690;1230;10384241;0
192;231;0;690;1230;10384248;0
192;233;0;690;1240;10384255;0
192;234;0;690;1240;10384262;0
192;236;0;690;1250;10384269;0
193;238;0;690;1250;10384276;0
193;240;0;689;1240;10384283;0
194;241;0;689;1240;10384290;0
194;243;0;690;1250;10384297;0
194;245;0;689;1260;10384304;0
195;246;0;690;1250;10384311;0
195;248;0;688;1250;10384318;0
196;249;0;689;1240;10384325;0
197;251;0;689;1230;10384332;0
199;252;0;687;1210;10384339;0
201;253;0;687;1210;10384346;0
202;255;0;689;1200;10384353;0
204;256;0;690;1210;10384360;0
206;257;0;688;1200;10384367;0
207;258;0;687;1200;10384374;0
208;259;0;687;1220;10384381;0
210;261;0;691;1240;10384388;0
212;262;0;688;1270;10384396;0
214;263;0;687;1290;10384403;0
216;264;0;687;1300;10384410;0
217;265;0;687;1300;10384417;0
219;267;0;687;1290;10384424;0
220;268;0;688;1290;10384431;0
222;269;0;687;1290;10384438;0
223;270;0;687;1290;10384445;0
224;271;0;687;1290;10384452;0
226;273;0;689;1280;10384459;0
227;274;0;687;1280;10384466;0
229;275;0;687;1270;10384473;0
230;276;0;687;1270;10384480;0
231;277;0;687;1280;10384487;0
233;278;0;687;1270;10384494;0
234;279;0;687;1270;10384501;0
236;280;0;688;1270;10384508;0
238;281;0;689;1270;10384515;0
240;282;0;687;1260;10384522;0
242;282;0;688;1250;10384529;0
245;283;0;689;1250;10384536;0
247;283;0;687;1250;10384543;0
249;284;0;689;1250;10384550;0
251;284;0;687;1240;10384557;0
254;285;0;690;1230;10384564;0
256;285;0;688;1230;10384571;0
258;286;0;689;1230;10384578;0
261;286;0;688;1230;10384586;0
264;287;0;689;1240;10384593;0
266;287;0;688;1240;10384600;0
269;288;0;691;1230;10384607;0
272;288;0;691;1250;10384614;0
275;289;0;689;1260;10384621;0
277;289;0;688;1270;10384628;0
280;290;0;690;1270;10384635;0
282;290;0;689;1250;10384642;0
284;291;0;688;1250;10384649;0
286;291;0;689;1250;10384656;0
289;292;0;689;1240;10384663;0
291;292;0;690;1250;10384670;0
292;293;0;688;1250;10384677;0
294;293;0;689;1240;10384684;0
296;294;0;691;1240;10384691;0
298;294;0;689;1230;10384698;0
300;295;0;688;1220;10384705;0
301;296;0;691;1220;10384712;0
303;296;0;689;1220;10384719;0
305;297;0;688;1210;10384726;0
306;297;0;690;1180;10384733;0
307;298;0;689;1200;10384740;0
309;299;0;690;1180;10384747;0
310;299;0;687;1180;10384754;0
311;300;0;690;1200;10384761;0
312;300;0;682;1190;10384769;0
313;301;0;689;1200;10384776;0
315;301;0;690;1210;10384783;0
316;302;0;689;1210;10384790;0
317;303;0;690;1220;10384797;0
319;303;0;690;1230;10384804;0
320;304;0;690;1240;10384811;0
321;305;0;690;1240;10384818;0
323;306;0;690;1230;10384825;0
324;306;0;688;1230;10384832;0
326;307;0;690;1230;10384839;0
328;308;0;690;1250;10384846;0
329;308;0;690;1250;10384853;0
331;309;0;693;1250;10384860;0
333;310;0;690;1250;10384867;0
336;310;0;690;1260;10384874;0
338;311;0;690;1240;10384881;0
340;312;0;693;1240;10384888;0
342;312;0;691;1240;10384895;0
344;313;0;691;1240;10384902;0
346;314;0;690;1240;10384909;0
348;315;0;690;1240;10384916;0
351;315;0;690;1250;10384923;0
353;316;0;691;1270;10384930;0
355;317;0;690;1270;10384937;0
358;318;0;684;1280;10384944;0
360;319;0;690;1280;10384952;0
362;319;0;690;1290;10384959;0
365;320;0;693;1290;10384966;0
368;320;0;693;1300;10384973;0
371;321;0;693;1300;10384980;0
374;321;0;693;1300;10384987;0
377;322;0;695;1310;10384994;0
380;322;0;696;1310;10385001;0
383;322;0;699;1310;10385008;0
387;323;0;697;1330;10385015;0
390;323;0;701;1310;10385022;0
393;323;0;700;1330;10385029;0
396;323;0;702;1340;10385036;0
399;324;0;699;1330;10385043;0
403;324;0;701;1340;10385050;0
406;324;0;700;1340;10385057;0
410;324;0;701;1340;10385064;0
414;323;0;702;1340;10385071;0
417;323;0;703;1350;10385078;0
421;323;0;707;1350;10385085;0
424;322;0;704;1360;10385092;0
428;322;0;708;1350;10385099;0
431;321;0;708;1350;10385106;0
435;321;0;706;1350;10385113;0
439;320;0;706;1360;10385120;0
442;320;0;705;1360;10385127;0
446;320;0;705;1360;10385134;0
449;319;0;705;1350;10385142;0
452;319;0;707;1380;10385149;0
456;318;0;708;1380;10385156;0
459;318;0;707;1380;10385163;0
462;317;0;707;1380;10385170;0
465;317;0;707;1390;10385177;0
469;316;0;708;1390;10385184;0
472;315;0;709;1380;10385191;0
476;314;0;711;1390;10385198;0
480;313;0;710;1390;10385205;0
483;312;0;711;1390;10385212;0
486;311;0;711;1390;10385219;0
490;310;0;711;1400;10385226;0
493;309;0;714;1390;10385233;0
496;308;0;714;1400;10385240;0
499;306;0;715;1400;10385247;0
501;305;0;715;1400;10385254;0
504;304;0;716;1390;10385261;0
507;303;0;717;1390;10385268;0
510;301;0;721;1380;10385275;0
512;300;0;717;1380;10385282;0
515;298;0;718;1400;10385289;0
518;296;0;719;1410;10385296;0
521;295;0;719;1400;10385303;0
524;293;0;719;1390;10385310;0
527;291;0;719;1360;10385317;0
530;290;0;723;1340;10385325;0
533;288;0;719;1340;10385332;0
536;286;0;720;1340;10385339;0
539;285;0;719;1350;10385346;0
541;283;0;721;1350;10385353;0
544;281;0;719;1380;10385360;0
547;280;0;720;1380;10385367;0
549;278;0;720;1390;10385374;0
551;276;0;720;1390;10385381;0
554;274;0;721;1420;10385388;0
556;273;0;721;1420;10385395;0
557;271;0;722;1420;10385402;0
559;269;0;723;1420;10385409;0
561;268;0;723;1420;10385416;0
562;266;0;723;1420;10385423;0
564;264;0;724;1420;10385430;0
566;262;0;723;1430;10385437;0
568;260;0;723;1430;10385444;0
570;258;0;724;1430;10385451;0
572;256;0;723;1440;10385458;0
573;254;0;723;1440;10385465;0
576;252;0;724;1460;10385472;0
577;250;0;726;1440;10385479;0
579;248;0;726;1430;10385486;0
581;246;0;724;1430;10385493;0
583;244;0;724;1420;10385500;0
585;242;0;726;1420;10385508;0
586;240;0;728;1420;10385515;0
588;238;0;726;1400;10385522;0
590;236;0;726;1400;10385529;0
592;234;0;726;1420;10385536;0
593;232;0;723;1430;10385543;0
595;230;0;729;1440;10385550;0
597;228;0;726;1450;10385557;0
599;226;0;729;1450;10385564;0
600;224;0;726;1450;10385571;0
602;222;0;726;1460;10385578;0
603;220;0;726;1460;10385585;0
604;218;0;726;1480;10385592;0
605;216;0;728;1480;10385599;0
606;214;0;731;1480;10385606;0
607;212;0;726;1480;10385613;0
608;211;0;726;1480;10385620;0
609;209;0;729;1480;10385627;0
610;207;0;729;1480;10385634;0
611;205;0;729;1480;10385641;0
612;204;0;729;1480;10385648;0
612;202;0;729;1480;10385655;0
613;200;0;729;1480;10385662;0
614;198;0;730;1470;10385669;0
615;197;0;728;1460;10385676;0
616;195;0;717;1430;10385683;0
616;193;0;740;1420;10385691;0
617;191;0;742;1400;10385698;0
617;189;0;739;1420;10385705;0
617;187;0;741;1420;10385712;0
617;185;0;743;1400;10385719;0
618;184;0;744;1420;10385726;0
618;182;0;745;1420;10385733;0
618;180;0;745;1430;10385740;0
618;178;0;745;1440;10385747;0
618;176;0;747;1440;10385754;0
618;174;0;748;1440;10385761;0
617;173;0;747;1440;10385768;0
617;171;0;748;1450;10385775;0
616;169;0;748;1450;10385782;0
616;167;0;753;1450;10385789;0
615;165;0;748;1440;10385796;0
615;163;0;748;1430;10385803;0
614;162;0;749;1430;10385810;0
614;160;0;749;1430;10385817;0
613;158;0;750;1440;10385824;0
613;156;0;751;1450;10385831;0
612;154;0;749;1450;10385838;0
612;152;0;749;1450;10385845;0
611;150;0;751;1450;10385852;0
610;149;0;748;1470;10385859;0
610;147;0;751;1480;10385866;0
609;145;0;748;1470;10385873;0
608;143;0;748;1440;10385881;0
607;141;0;748;1430;10385888;0
606;139;0;748;1390;10385895;0
605;137;0;748;1380;10385902;0
603;135;0;748;1390;10385909;0
602;133;0;749;1390;10385916;0
600;131;0;748;1400;10385923;0
599;130;0;746;1400;10385930;0
597;128;0;747;1410;10385937;0
595;126;0;747;1430;10385944;0
593;125;0;746;1430;10385951;0
591;123;0;745;1430;10385958;0
589;121;0;746;1430;10385965;0
588;120;0;746;1440;10385972;0
585;118;0;748;1440;10385979;0
583;116;0;747;1420;10385986;0
581;115;0;748;1410;10385993;0
578;113;0;747;1420;10386000;0
576;112;0;745;1440;10386007;0
574;111;0;745;1470;10386014;0
571;109;0;745;1510;10386021;0
569;108;0;745;1510;10386028;0
567;107;0;745;1510;10386035;0
565;105;0;747;1510;10386042;0
563;104;0;745;1510;10386049;0
561;103;0;736;1510;10386056;0
559;102;0;744;1500;10386064;0
557;100;0;745;1510;10386071;0
555;99;0;744;1510;10386078;0
553;98;0;747;1530;10386085;0
551;97;0;745;1530;10386092;0
549;95;0;743;1530;10386099;0
547;94;0;743;1530;10386106;0
546;93;0;742;1530;10386113;0
544;92;0;742;1520;10386120;0
541;91;0;746;1510;10386127;0
539;90;0;735;1510;10386134;0
537;89;0;742;1480;10386141;0
534;88;0;741;1480;10386148;0
531;87;0;742;1480;10386155;0
528;86;0;740;1470;10386162;0
526;86;0;739;1470;10386169;0
523;85;0;740;1460;10386176;0
520;84;0;739;1460;10386183;0
518;84;0;740;1460;10386190;0
515;83;0;742;1460;10386197;0
513;82;0;739;1460;10386204;0
510;82;0;739;1460;10386211;0
507;81;0;740;1470;10386218;0
505;80;0;740;1460;10386225;0
502;80;0;742;1470;10386232;0
500;79;0;739;1460;10386239;0
498;78;0;744;1470;10386247;0
495;78;0;741;1470;10386254;0
493;77;0;742;1470;10386261;0
490;76;0;740;1450;10386268;0
488;75;0;741;1440;10386275;0
485;75;0;741;1450;10386282;0
483;74;0;740;1460;10386289;0
480;73;0;740;1500;10386296;0
478;73;0;742;1530;10386303;0
476;72;0;742;1530;10386310;0
474;71;0;741;1540;10386317;0
472;70;0;742;1540;10386324;0
469;70;0;742;1540;10386331;0
467;69;0;744;1540;10386338;0
465;68;0;744;1540;10386345;0
463;67;0;745;1530;10386352;0
460;66;0;745;1540;10386359;0
458;65;0;748;1540;10386366;0
456;64;0;745;1540;10386373;0
453;63;0;746;1540;10386380;0
450;62;0;745;1540;10386387;0
448;61;0;745;1550;10386394;0
445;60;0;746;1550;10386401;0
442;59;0;745;1550;10386408;0
440;58;0;745;1560;10386415;0
437;57;0;746;1570;10386422;0
434;56;0;748;1570;10386429;0
431;55;0;745;1570;10386437;0
428;55;0;748;1570;10386444;0
426;54;0;746;1580;10386451;0
423;53;0;746;1580;10386458;0
420;52;0;746;1590;10386465;0
418;52;0;747;1600;10386472;0
415;51;0;747;1600;10386479;0
412;51;0;745;1600;10386486;0
410;50;0;747;1600;10386493;0
407;50;0;747;1600;10386500;0
404;49;0;751;1600;10386507;0
401;48;0;746;1580;10386514;0
397;47;0;748;1590;10386521;0
394;47;0;746;1590;10386528;0
390;46;0;756;1590;10386535;0
387;45;0;735;1590;10386542;0
383;45;0;752;1560;10386549;0
380;45;0;751;1530;10386556;0
377;44;0;752;1510;10386563;0
373;44;0;752;1500;10386570;0
370;44;0;753;1480;10386577;0
366;44;0;751;1490;10386584;0
363;44;0;752;1450;10386591;0
359;44;0;751;1410;10386598;0
355;44;0;752;1410;10386605;0
351;44;0;751;1350;10386612;0
347;44;0;751;1330;10386620;0
343;44;0;751;1310;10386627;0
339;44;0;751;1290;10386634;0
335;45;0;751;1290;10386641;0
332;45;0;754;1280;10386648;0
328;45;0;751;1260;10386655;0
325;46;0;750;1280;10386662;0
321;46;0;751;1300;10386669;0
317;46;0;751;1340;10386676;0
314;47;0;743;1340;10386683;0
310;47;0;749;1330;10386690;0
307;48;0;745;1400;10386697;0
303;48;0;748;1440;10386704;0
299;49;0;743;1480;10386711;0
295;50;0;748;1530;10386718;0
292;50;0;743;1490;10386725;0
289;51;0;744;1470;10386732;0
286;51;0;745;1450;10386739;0
283;52;0;743;1430;10386746;0
280;52;0;744;1420;10386753;0
277;53;0;742;1400;10386760;0
275;53;0;747;1390;10386767;0
272;54;0;745;1380;10386774;0
270;54;0;745;1380;10386781;0
268;55;0;745;1360;10386788;0
265;55;0;748;1350;10386795;0
263;55;0;744;1360;10386803;0
260;56;0;745;1340;10386810;0
258;56;0;747;1330;10386817;0
256;57;0;748;1340;10386824;0
254;57;0;744;1330;10386831;0
252;58;0;745;1330;10386838;0
250;58;0;748;1320;10386845;0
248;59;0;743;1320;10386852;0
246;60;0;744;1300;10386859;0
244;61;0;746;1290;10386866;0
242;61;0;743;1290;10386873;0
240;62;0;744;1280;10386880;0
238;63;0;743;1270;10386887;0
235;63;0;745;1280;10386894;0
232;64;0;745;1270;10386901;0
229;65;0;745;1250;10386908;0
226;66;0;748;1230;10386915;0
223;67;0;745;1210;10386922;0
219;68;0;744;1210;10386929;0
216;69;0;747;1290;10386936;0
212;70;0;744;1360;10386943;0
208;72;0;745;1430;10386950;0
204;73;0;745;1490;10386957;0
200;74;0;745;1470;10386964;0
196;76;0;746;1450;10386971;0
193;77;0;746;1450;10386978;0
189;79;0;745;1420;10386985;0
185;81;0;745;1420;10386993;0
182;82;0;747;1410;10387000;0
179;83;0;748;1410;10387007;0
176;84;0;748;1400;10387014;0
174;85;0;749;1400;10387021;0
172;86;0;748;1390;10387028;0
170;88;0;748;1400;10387035;0
167;89;0;749;1400;10387042;0
163;91;0;749;1410;10387049;0
159;93;0;751;1410;10387056;0
155;94;0;751;1380;10387063;0
150;96;0;753;1360;10387070;0
146;98;0;751;1330;10387077;0
141;99;0;752;1310;10387084;0
137;101;0;755;1300;10387091;0
132;103;0;753;1280;10387098;0
128;105;0;757;1260;10387105;0
124;107;0;755;1260;10387112;0
120;109;0;757;1280;10387119;0
116;110;0;754;1290;10387126;0
113;112;0;754;1310;10387133;0
110;114;0;756;1330;10387140;0
107;116;0;757;1320;10387147;0
105;118;0;757;1290;10387154;0
102;120;0;759;1260;10387161;0
99;122;0;759;1260;10387168;0
96;124;0;763;1230;10387176;0
93;126;0;759;1220;10387183;0
91;128;0;760;1210;10387190;0
88;130;0;760;1190;10387197;0
85;132;0;760;1170;10387204;0
83;134;0;761;1160;10387211;0
81;136;0;760;1130;10387218;0
79;138;0;760;1120;10387225;0
77;140;0;760;1090;10387232;0
75;141;0;760;1100;10387239;0
74;143;0;760;1120;10387246;0
73;145;0;762;1150;10387253;0
72;147;0;760;1170;10387260;0
71;149;0;760;1160;10387267;0
70;150;0;760;1180;10387274;0
70;152;0;760;1170;10387281;0
69;154;0;760;1190;10387288;0
69;156;0;760;1230;10387295;0
69;157;0;759;1250;10387302;0
69;159;0;760;1300;10387309;0
70;161;0;759;1310;10387316;0
70;163;0;760;1310;10387323;0
71;165;0;761;1320;10387330;0
71;167;0;759;1330;10387337;0
71;169;0;759;1330;10387344;0
71;171;0;760;1340;10387351;0
72;173;0;759;1330;10387359;0
72;175;0;759;1320;10387366;0
72;177;0;759;1310;10387373;0
72;179;0;760;1290;10387380;0
73;182;0;759;1290;10387387;0
73;184;0;759;1260;10387394;0
73;187;0;757;1250;10387401;0
73;189;0;756;1250;10387408;0
73;191;0;756;1230;10387415;0
74;194;0;754;1230;10387422;0
74;196;0;753;1250;10387429;0
74;199;0;755;1260;10387436;0
74;201;0;751;1270;10387443;0
74;203;0;748;1290;10387450;0
74;205;0;748;1280;10387457;0
75;208;0;749;1270;10387464;0
75;210;0;749;1280;10387471;0
75;212;0;750;1270;10387478;0
75;215;0;751;1280;10387485;0
75;217;0;751;1270;10387492;0
75;220;0;753;1250;10387499;0
74;222;0;752;1240;10387506;0
74;225;0;751;1250;10387513;0
74;227;0;754;1250;10387520;0
73;230;0;752;1260;10387527;0
73;232;0;752;1240;10387534;0
73;234;0;751;1250;10387541;0
73;237;0;753;1230;10387549;0
72;239;0;751;1220;10387556;0
72;242;0;752;1210;10387563;0
72;244;0;754;1200;10387570;0
71;247;0;753;1200;10387577;0
71;249;0;753;1180;10387584;0
71;251;0;753;1190;10387591;0
70;254;0;756;1210;10387598;0
70;256;0;754;1190;10387605;0
70;258;0;752;1200;10387612;0
69;261;0;752;1200;10387619;0
69;263;0;752;1200;10387626;0
69;265;0;754;1220;10387633;0
70;268;0;753;1220;10387640;0
70;270;0;752;1210;10387647;0
71;272;0;753;1200;10387654;0
72;275;0;752;1190;10387661;0
73;277;0;754;1190;10387668;0
74;279;0;753;1180;10387675;0
75;282;0;754;1180;10387682;0
76;284;0;753;1180;10387689;0
77;286;0;757;1190;10387696;0
79;288;0;753;1200;10387703;0
80;291;0;757;1180;10387710;0
82;293;0;755;1180;10387717;0
83;295;0;754;1170;10387724;0
85;297;0;759;1170;10387732;0
87;299;0;760;1180;10387739;0
89;301;0;756;1190;10387746;0
91;303;0;757;1200;10387753;0
94;305;0;757;1200;10387760;0
96;307;0;759;1210;10387767;0
99;309;0;757;1210;10387774;0
102;310;0;757;1230;10387781;0
105;312;0;757;1250;10387788;0
108;314;0;757;1260;10387795;0
112;315;0;756;1240;10387802;0
116;317;0;757;1240;10387809;0
120;319;0;760;1220;10387816;0
124;320;0;760;1220;10387823;0
129;321;0;757;1220;10387830;0
134;323;0;757;1200;10387837;0
139;324;0;759;1170;10387844;0
144;326;0;759;1180;10387851;0
149;327;0;757;1190;10387858;0
154;328;0;759;1220;10387865;0
159;330;0;759;1260;10387872;0
163;331;0;759;1230;10387879;0
168;332;0;757;1240;10387886;0
171;334;0;757;1220;10387893;0
175;336;0;759;1210;10387900;0
179;338;0;757;1210;10387907;0
183;340;0;751;1190;10387915;0
187;342;0;761;1180;10387922;0
191;344;0;759;1180;10387929;0
195;345;0;762;1160;10387936;0
198;347;0;760;1150;10387943;0
201;348;0;759;1120;10387950;0
205;349;0;757;1120;10387957;0
209;351;0;759;1130;10387964;0
213;352;0;759;1140;10387971;0
218;353;0;761;1170;10387978;0
222;355;0;762;1160;10387985;0
226;356;0;760;1150;10387992;0
230;357;0;760;1150;10387999;0
234;358;0;761;1140;10388006;0
238;360;0;760;1150;10388013;0
242;361;0;760;1160;10388020;0
245;362;0;760;1160;10388027;0
249;363;0;761;1150;10388034;0
253;364;0;760;1150;10388041;0
256;366;0;759;1150;10388048;0
260;367;0;762;1150;10388055;0
264;368;0;760;1160;10388062;0
268;369;0;761;1160;10388069;0
272;371;0;761;1170;10388076;0
276;372;0;761;1170;10388083;0
280;373;0;762;1180;10388090;0
284;374;0;764;1180;10388097;0
288;375;0;763;1180;10388105;0
292;376;0;761;1170;10388112;0
297;377;0;767;1170;10388119;0
301;378;0;763;1180;10388126;0
305;379;0;763;1190;10388133;0
310;380;0;768;1200;10388140;0
314;381;0;764;1220;10388147;0
318;382;0;769;1220;10388154;0
322;383;0;770;1240;10388161;0
326;384;0;767;1240;10388168;0
330;385;0;769;1230;10388175;0
335;386;0;767;1220;10388182;0
339;387;0;767;1210;10388189;0
344;388;0;770;1220;10388196;0
349;388;0;770;1230;10388203;0
354;389;0;771;1250;10388210;0
359;389;0;767;1260;10388217;0
363;390;0;770;1270;10388224;0
368;390;0;770;1270;10388231;0
373;390;0;770;1260;10388238;0
378;390;0;773;1260;10388245;0
383;391;0;770;1250;10388252;0
389;391;0;770;1250;10388259;0
394;391;0;771;1280;10388266;0
399;391;0;770;1320;10388273;0
405;391;0;771;1360;10388280;0
410;391;0;771;1390;10388288;0
415;391;0;772;1390;10388295;0
420;390;0;772;1390;10388302;0
425;390;0;773;1390;10388309;0
431;389;0;776;1390;10388316;0
437;389;0;773;1390;10388323;0
442;388;0;773;1390;10388330;0
448;388;0;773;1390;10388337;0
453;387;0;773;1390;10388344;0
458;387;0;773;1400;10388351;0
464;386;0;777;1410;10388358;0
469;385;0;776;1410;10388365;0
474;384;0;767;1420;10388372;0
480;384;0;775;1410;10388379;0
486;383;0;776;1440;10388386;0
491;382;0;767;1430;10388393;0
496;381;0;778;1440;10388400;0
501;380;0;775;1420;10388407;0
506;379;0;776;1420;10388414;0
511;378;0;775;1430;10388421;0
516;377;0;775;1430;10388428;0
521;376;0;776;1430;10388435;0
526;374;0;776;1430;10388442;0
531;373;0;776;1450;10388449;0
535;372;0;776;1450;10388456;0
540;370;0;777;1460;10388463;0
544;369;0;776;1450;10388471;0
549;367;0;776;1460;10388478;0
553;366;0;776;1460;10388485;0
557;364;0;777;1470;10388492;0
561;363;0;776;1470;10388499;0
566;362;0;776;1480;10388506;0
570;360;0;776;1480;10388513;0
574;358;0;778;1490;10388520;0
579;357;0;777;1500;10388527;0
583;355;0;776;1470;10388534;0
586;354;0;777;1460;10388541;0
590;352;0;777;1450;10388548;0
593;350;0;778;1420;10388555;0
596;349;0;779;1410;10388562;0
599;347;0;777;1420;10388569;0
602;346;0;778;1420;10388576;0
605;344;0;778;1420;10388583;0
608;342;0;778;1410;10388590;0
610;340;0;779;1390;10388597;0
613;338;0;779;1360;10388604;0
616;336;0;779;1360;10388611;0
618;334;0;779;1360;10388618;0
621;332;0;779;1350;10388625;0
624;330;0;779;1350;10388632;0
627;328;0;780;1380;10388639;0
630;325;0;779;1380;10388646;0
633;323;0;780;1390;10388653;0
636;321;0;780;1400;10388661;0
639;319;0;782;1390;10388668;0
643;316;0;780;1400;10388675;0
646;314;0;783;1400;10388682;0
649;312;0;785;1420;10388689;0
653;309;0;780;1420;10388696;0
656;307;0;781;1410;10388703;0
659;305;0;781;1410;10388710;0
663;302;0;781;1410;10388717;0
667;300;0;781;1420;10388724;0
670;298;0;781;1430;10388731;0
674;295;0;781;1410;10388738;0
677;293;0;781;1380;10388745;0
681;290;0;782;1360;10388752;0
684;288;0;782;1350;10388759;0
687;285;0;782;1350;10388766;0
690;283;0;783;1360;10388773;0
692;280;0;783;1360;10388780;0
694;278;0;783;1380;10388787;0
697;275;0;785;1380;10388794;0
699;273;0;785;1380;10388801;0
701;271;0;785;1360;10388808;0
703;268;0;792;1380;10388815;0
705;265;0;788;1380;10388822;0
707;263;0;789;1380;10388829;0
709;261;0;786;1380;10388836;0
711;258;0;786;1360;10388844;0
712;256;0;788;1380;10388851;0
714;254;0;790;1390;10388858;0
716;252;0;790;1390;10388865;0
717;250;0;792;1400;10388872;0
718;248;0;792;1400;10388879;0
719;246;0;792;1400;10388886;0
720;244;0;792;1420;10388893;0
721;242;0;792;1420;10388900;0
723;240;0;794;1420;10388907;0
724;238;0;796;1420;10388914;0
725;236;0;794;1430;10388921;0
726;235;0;794;1430;10388928;0
726;233;0;795;1430;10388935;0
727;231;0;799;1440;10388942;0
727;230;0;799;1440;10388949;0
728;228;0;800;1440;10388956;0
728;227;0;800;1450;10388963;0
729;225;0;800;1470;10388970;0
730;224;0;800;1470;10388977;0
730;223;0;800;1480;10388984;0
731;221;0;800;1480;10388991;0
732;220;0;802;1480;10388998;0
733;218;0;799;1480;10389005;0
733;217;0;799;1480;10389012;0
734;216;0;799;1480;10389019;0
734;215;0;800;1480;10389027;0
735;214;0;800;1480;10389034;0
735;213;0;800;1480;10389041;0
736;212;0;800;1480;10389048;0
736;211;0;800;1490;10389055;0
737;210;0;800;1490;10389062;0
737;209;0;800;1490;10389069;0
737;208;0;801;1490;10389076;0
738;208;0;802;1490;10389083;0
738;207;0;803;1490;10389090;0
738;206;0;802;1490;10389097;0
738;206;0;803;1490;10389104;0
738;205;0;803;1490;10389111;0
738;205;0;801;1490;10389118;0
739;204;0;803;1490;10389125;0
739;204;0;803;1490;10389132;0
739;204;0;803;1490;10389139;0
739;203;0;795;1490;10389146;0
739;203;0;803;1490;10389153;0
739;203;0;803;1510;10389160;0
739;202;0;802;1520;10389167;0
740;202;0;802;1510;10389174;0
740;202;0;802;1510;10389181;0
740;202;0;801;1510;10389188;0
740;202;0;801;1510;10389195;0
740;201;0;801;1510;10389202;0
740;201;0;800;1510;10389210;0
740;201;0;802;1510;10389217;0
740;201;0;801;1510;10389224;0
740;201;0;801;1510;10389231;0
740;201;0;800;1510;10389238;0
740;201;0;804;1510;10389245;0
741;201;0;800;1510;10389252;0
741;200;0;800;1510;10389259;0
741;200;0;800;1510;10389266;0
741;200;0;800;1510;10389273;0
741;200;0;799;1520;10389280;0
741;200;0;800;1520;10389287;0
741;200;0;797;1510;10389294;0
741;200;0;792;1510;10389301;0
741;200;0;776;1520;10389308;0
741;200;0;777;1520;10389315;0
741;200;0;773;1520;10389322;0
741;200;0;773;1520;10389329;0
741;200;0;771;1510;10389336;0
741;200;0;771;1510;10389343;0
741;200;0;771;1510;10389350;0
741;200;0;770;1490;10389357;0
741;200;0;771;1510;10389364;0
741;200;0;770;1500;10389371;0
741;200;0;771;1500;10389378;0
741;200;0;770;1520;10389385;0
741;200;0;769;1520;10389392;0
742;200;0;767;1520;10389400;0
742;200;0;767;1520;10389407;0
742;200;0;760;1520;10389414;0
742;200;0;759;1510;10389421;0
742;200;0;759;1510;10389428;0
742;200;0;757;1510;10389435;0
742;200;0;759;1510;10389442;0
743;199;0;759;1510;10389449;0
743;199;0;759;1510;10389456;0
743;199;0;759;1510;10389463;0
743;199;0;757;1510;10389470;0
743;199;0;757;1520;10389477;0
743;199;0;749;1520;10389484;0
743;199;0;755;1520;10389491;0
743;199;0;754;1520;10389498;0
743;199;0;751;1520;10389505;0
743;199;0;752;1520;10389512;0
743;199;0;751;1520;10389519;0
743;199;0;745;1520;10389526;0
744;199;0;750;1520;10389533;0
744;199;0;741;1510;10389540;0
744;200;0;745;1510;10389547;0
744;200;0;745;1510;10389554;0
744;200;0;734;1510;10389561;0
744;200;0;732;1510;10389568;0
744;200;0;730;1510;10389575;0
744;200;0;729;1510;10389583;0
744;200;0;729;1510;10389590;0
744;200;0;728;1510;10389597;0
744;200;0;728;1520;10389604;0
744;200;0;721;1520;10389611;0
744;200;0;728;1520;10389618;0
744;200;0;729;1510;10389625;0
744;200;0;729;1510;10389632;0
744;200;0;731;1510;10389639;0
744;200;0;731;1510;10389646;0
744;200;0;730;1510;10389653;0
744;200;0;731;1520;10389660;0
744;200;0;729;1520;10389667;0
744;200;0;721;1530;10389674;0
744;199;0;703;1520;10389681;0
745;199;0;684;1520;10389688;0
745;199;0;664;1520;10389695;0
746;199;0;647;1520;10389702;0
746;199;0;627;1530;10389709;0
747;198;0;603;1530;10389716;0
748;198;0;576;1530;10389723;0
750;198;0;537;1530;10389730;0
751;198;0;486;1510;10389737;0
752;197;0;403;1520;10389744;0
753;197;0;309;1500;10389751;0
754;196;0;39;1470;10389758;0
377;203;0;25;1250;10404893;1
377;203;0;83;1250;10404900;1
377;203;0;154;1250;10404907;1
377;202;0;191;1250;10404914;1
377;202;0;220;1240;10404921;1
377;202;0;244;1240;10404928;1
377;202;0;260;1240;10404935;1
377;202;0;275;1240;10404942;1
377;202;0;295;1250;10404949;1
377;201;0;314;1250;10404956;1
377;201;0;336;1250;10404963;1
377;201;0;359;1250;10404970;1
377;201;0;376;1250;10404977;1
377;200;0;391;1250;10404984;1
377;200;0;408;1250;10404991;1
378;200;0;424;1260;10404998;1
378;200;0;436;1250;10405005;1
378;200;0;443;1250;10405012;1
378;200;0;446;1260;10405019;1
378;200;0;451;1250;10405026;1
378;200;0;462;1260;10405033;1
378;200;0;471;1250;10405040;1
378;199;0;484;1250;10405047;1
378;199;0;496;1260;10405054;1
378;199;0;506;1260;10405062;1
378;198;0;513;1260;10405069;1
378;198;0;517;1250;10405076;1
379;198;0;521;1240;10405083;1
379;197;0;516;1240;10405090;1
379;197;0;531;1220;10405097;1
379;196;0;534;1220;10405104;1
379;196;0;535;1230;10405111;1
379;195;0;536;1230;10405118;1
379;195;0;537;1230;10405125;1
379;194;0;539;1230;10405132;1
379;194;0;540;1240;10405139;1
379;194;0;541;1240;10405146;1
379;193;0;543;1240;10405153;1
379;193;0;544;1260;10405160;1
379;193;0;546;1250;10405167;1
378;192;0;550;1250;10405174;1
378;192;0;553;1240;10405181;1
378;192;0;559;1230;10405188;1
377;191;0;563;1240;10405195;1
377;191;0;567;1250;10405202;1
376;191;0;568;1250;10405209;1
375;190;0;571;1260;10405216;1
374;190;0;571;1250;10405223;1
373;190;0;573;1250;10405230;1
372;190;0;573;1250;10405237;1
370;190;0;574;1250;10405244;1
368;190;0;574;1240;10405252;1
366;190;0;574;1240;10405259;1
365;190;0;575;1240;10405266;1
363;190;0;575;1240;10405273;1
361;191;0;575;1240;10405280;1
359;191;0;576;1240;10405287;1
358;191;0;577;1230;10405294;1
356;191;0;577;1240;10405301;1
354;191;0;580;1230;10405308;1
352;191;0;583;1240;10405315;1
351;192;0;586;1240;10405322;1
350;192;0;588;1230;10405329;1
348;192;0;589;1240;10405336;1
347;192;0;590;1240;10405343;1
347;192;0;592;1240;10405350;1
346;192;0;592;1240;10405357;1
345;192;0;594;1230;10405364;1
344;192;0;594;1230;10405371;1
343;191;0;594;1220;10405378;1
342;191;0;595;1230;10405385;1
342;191;0;595;1230;10405392;1
341;191;0;596;1230;10405399;1
341;191;0;596;1240;10405406;1
340;191;0;597;1230;10405413;1
339;191;0;597;1240;10405420;1
338;191;0;598;1240;10405427;1
337;192;0;598;1230;10405435;1
336;192;0;598;1240;10405442;1
335;192;0;598;1240;10405449;1
334;192;0;598;1240;10405456;1
332;193;0;598;1240;10405463;1
331;193;0;598;1240;10405470;1
330;194;0;598;1230;10405477;1
329;194;0;598;1220;10405484;1
327;195;0;598;1220;10405491;1
326;195;0;598;1220;10405498;1
325;195;0;597;1220;10405505;1
325;196;0;598;1210;10405512;1
324;197;0;597;1210;10405519;1
323;197;0;598;1210;10405526;1
322;198;0;597;1210;10405533;1
322;199;0;594;1220;10405540;1
321;199;0;599;1210;10405547;1
321;200;0;594;1210;10405554;1
320;201;0;594;1220;10405561;1
320;201;0;594;1220;10405568;1
319;202;0;592;1210;10405575;1
318;203;0;594;1210;10405582;1
318;203;0;594;1200;10405589;1
317;204;0;594;1210;10405596;1
317;204;0;594;1220;10405603;1
316;205;0;594;1220;10405610;1
316;206;0;595;1220;10405618;1
316;206;0;595;1210;10405625;1
315;207;0;596;1200;10405632;1
315;207;0;596;1200;10405639;1
315;208;0;597;1200;10405646;1
315;209;0;595;1200;10405653;1
315;209;0;598;1210;10405660;1
315;210;0;597;1210;10405667;1
314;211;0;599;1210;10405674;1
314;211;0;597;1220;10405681;1
314;212;0;600;1210;10405688;1
313;213;0;600;1200;10405695;1
313;213;0;600;1200;10405702;1
313;214;0;605;1210;10405709;1
313;215;0;603;1210;10405716;1
313;215;0;606;1220;10405723;1
312;216;0;603;1220;10405730;1
312;217;0;605;1210;10405737;1
312;217;0;605;1210;10405744;1
312;218;0;606;1210;10405751;1
312;218;0;606;1210;10405758;1
312;219;0;606;1220;10405765;1
312;220;0;607;1220;10405772;1
312;221;0;608;1220;10405779;1
312;222;0;607;1220;10405786;1
312;222;0;608;1220;10405793;1
312;223;0;610;1220;10405801;1
312;224;0;610;1220;10405808;1
312;225;0;611;1220;10405815;1
312;226;0;611;1230;10405822;1
312;227;0;613;1220;10405829;1
312;228;0;614;1230;10405836;1
312;228;0;613;1240;10405843;1
312;229;0;614;1240;10405850;1
312;230;0;613;1240;10405857;1
313;231;0;615;1250;10405864;1
313;232;0;617;1230;10405871;1
313;233;0;617;1230;10405878;1
314;234;0;618;1250;10405885;1
314;236;0;619;1230;10405892;1
314;237;0;618;1230;10405899;1
314;238;0;621;1230;10405906;1
314;240;0;622;1220;10405913;1
314;241;0;623;1220;10405920;1
315;242;0;627;1210;10405927;1
315;244;0;627;1210;10405934;1
315;245;0;628;1210;10405941;1
316;246;0;629;1210;10405948;1
317;247;0;629;1210;10405955;1
318;248;0;629;1180;10405962;1
319;250;0;632;1170;10405969;1
320;251;0;632;1170;10405976;1
321;252;0;634;1170;10405983;1
323;253;0;635;1170;10405991;1
324;254;0;636;1170;10405998;1
325;255;0;638;1170;10406005;1
327;256;0;638;1160;10406012;1
328;257;0;640;1170;10406019;1
330;258;0;641;1180;10406026;1
331;259;0;643;1180;10406033;1
333;260;0;648;1200;10406040;1
335;261;0;645;1200;10406047;1
337;262;0;646;1200;10406054;1
339;263;0;649;1200;10406061;1
341;264;0;649;1200;10406068;1
343;265;0;650;1190;10406075;1
345;266;0;651;1200;10406082;1
347;266;0;652;1190;10406089;1
349;267;0;653;1200;10406096;1
351;268;0;654;1200;10406103;1
352;269;0;654;1210;10406110;1
354;270;0;655;1220;10406117;1
356;271;0;656;1220;10406124;1
357;272;0;654;1230;10406131;1
359;273;0;655;1210;10406138;1
361;273;0;657;1220;10406145;1
363;274;0;657;1220;10406152;1
365;275;0;657;1220;10406159;1
367;275;0;660;1220;10406166;1
368;276;0;660;1220;10406174;1
370;276;0;661;1220;10406181;1
372;277;0;663;1220;10406188;1
373;277;0;665;1230;10406195;1
375;278;0;667;1220;10406202;1
377;278;0;665;1240;10406209;1
379;279;0;665;1230;10406216;1
381;279;0;666;1230;10406223;1
383;279;0;666;1240;10406230;1
385;279;0;667;1240;10406237;1
387;280;0;667;1250;10406244;1
389;280;0;668;1250;10406251;1
392;280;0;669;1260;10406258;1
394;280;0;669;1250;10406265;1
396;280;0;669;1250;10406272;1
398;280;0;670;1230;10406279;1
401;281;0;669;1220;10406286;1
403;281;0;672;1230;10406293;1
405;281;0;671;1220;10406300;1
407;281;0;671;1230;10406307;1
409;281;0;671;1230;10406314;1
411;281;0;675;1230;10406321;1
413;281;0;672;1230;10406328;1
416;281;0;672;1230;10406335;1
418;281;0;672;1230;10406342;1
421;281;0;673;1240;10406349;1
423;281;0;676;1240;10406357;1
426;281;0;673;1250;10406364;1
428;280;0;674;1250;10406371;1
431;280;0;674;1250;10406378;1
434;280;0;678;1250;10406385;1
437;279;0;676;1240;10406392;1
440;279;0;676;1250;10406399;1
442;279;0;676;1250;10406406;1
445;279;0;675;1250;10406413;1
447;278;0;677;1250;10406420;1
450;278;0;677;1250;10406427;1
453;278;0;678;1260;10406434;1
455;277;0;677;1260;10406441;1
458;277;0;678;1270;10406448;1
460;277;0;679;1270;10406455;1
463;276;0;679;1280;10406462;1
465;276;0;680;1280;10406469;1
467;275;0;681;1280;10406476;1
469;275;0;682;1280;10406483;1
471;274;0;683;1280;10406490;1
473;274;0;684;1280;10406497;1
474;273;0;684;1300;10406504;1
476;273;0;687;1300;10406511;1
478;272;0;687;1310;10406518;1
480;271;0;688;1310;10406525;1
481;271;0;688;1310;10406532;1
483;270;0;690;1320;10406539;1
485;269;0;691;1320;10406547;1
486;268;0;696;1310;10406554;1
488;267;0;693;1310;10406561;1
489;266;0;694;1330;10406568;1
490;265;0;694;1340;10406575;1
492;265;0;696;1350;10406582;1
493;264;0;694;1350;10406589;1
494;263;0;696;1340;10406596;1
496;262;0;695;1340;10406603;1
497;261;0;699;1340;10406610;1
498;261;0;696;1340;10406617;1
499;260;0;697;1350;10406624;1
500;259;0;699;1350;10406631;1
501;258;0;697;1350;10406638;1
503;257;0;698;1350;10406645;1
504;257;0;698;1340;10406652;1
505;256;0;699;1330;10406659;1
506;255;0;700;1340;10406666;1
507;254;0;702;1330;10406673;1
508;253;0;703;1340;10406680;1
509;252;0;704;1340;10406687;1
510;251;0;707;1340;10406694;1
511;250;0;713;1330;10406701;1
512;249;0;711;1330;10406708;1
513;248;0;711;1330;10406715;1
514;247;0;713;1310;10406722;1
514;246;0;714;1320;10406730;1
515;245;0;718;1320;10406737;1
516;243;0;716;1320;10406744;1
517;242;0;718;1340;10406751;1
518;240;0;717;1340;10406758;1
519;239;0;717;1340;10406765;1
520;238;0;716;1340;10406772;1
521;236;0;720;1340;10406779;1
522;235;0;718;1340;10406786;1
522;233;0;720;1320;10406793;1
523;232;0;722;1320;10406800;1
524;231;0;723;1340;10406807;1
524;229;0;724;1350;10406814;1
525;228;0;726;1350;10406821;1
525;226;0;727;1360;10406828;1
525;225;0;728;1370;10406835;1
525;224;0;729;1370;10406842;1
525;222;0;729;1390;10406849;1
525;221;0;731;1390;10406856;1
526;220;0;732;1390;10406863;1
526;218;0;735;1390;10406870;1
526;217;0;733;1390;10406877;1
526;216;0;735;1390;10406884;1
526;214;0;735;1390;10406891;1
526;213;0;734;1390;10406898;1
527;212;0;736;1390;10406905;1
527;210;0;735;1390;10406913;1
527;209;0;736;1380;10406920;1
527;208;0;736;1380;10406927;1
527;206;0;739;1380;10406934;1
527;205;0;740;1380;10406941;1
527;204;0;742;1380;10406948;1
527;203;0;741;1380;10406955;1
526;202;0;734;1380;10406962;1
526;200;0;743;1380;10406969;1
525;199;0;745;1380;10406976;1
525;198;0;746;1360;10406983;1
524;196;0;731;1350;10406990;1
524;195;0;751;1350;10406997;1
523;194;0;754;1350;10407004;1
522;192;0;754;1340;10407011;1
522;191;0;754;1340;10407018;1
521;190;0;759;1340;10407025;1
520;188;0;759;1340;10407032;1
519;187;0;760;1350;10407039;1
518;185;0;760;1350;10407046;1
517;184;0;761;1350;10407053;1
516;183;0;763;1350;10407060;1
514;181;0;765;1350;10407067;1
513;180;0;770;1350;10407074;1
511;178;0;772;1360;10407081;1
510;177;0;768;1360;10407088;1
508;176;0;769;1360;10407095;1
506;174;0;770;1360;10407103;1
504;173;0;771;1360;10407110;1
502;172;0;770;1360;10407117;1
500;170;0;773;1360;10407124;1
497;168;0;768;1360;10407131;1
495;167;0;767;1360;10407138;1
492;165;0;767;1360;10407145;1
490;164;0;767;1350;10407152;1
487;162;0;767;1360;10407159;1
484;161;0;767;1340;10407166;1
481;160;0;767;1350;10407173;1
478;158;0;767;1340;10407180;1
475;157;0;767;1340;10407187;1
472;155;0;767;1340;10407194;1
469;154;0;765;1340;10407201;1
465;153;0;767;1340;10407208;1
462;152;0;770;1340;10407215;1
459;150;0;767;1350;10407222;1
456;149;0;770;1350;10407229;1
453;148;0;767;1360;10407236;1
450;146;0;767;1350;10407243;1
446;145;0;767;1340;10407250;1
443;143;0;765;1300;10407257;1
439;142;0;767;1290;10407264;1
436;141;0;768;1270;10407271;1
433;139;0;765;1270;10407278;1
430;138;0;768;1270;10407286;1
427;137;0;768;1270;10407293;1
424;135;0;765;1290;10407300;1
421;134;0;765;1270;10407307;1
418;133;0;765;1290;10407314;1
415;132;0;764;1270;10407321;1
412;131;0;764;1280;10407328;1
409;129;0;763;1300;10407335;1
406;128;0;769;1300;10407342;1
402;127;0;763;1300;10407349;1
399;126;0;763;1290;10407356;1
395;125;0;763;1300;10407363;1
391;124;0;765;1310;10407370;1
387;123;0;763;1330;10407377;1
383;123;0;767;1340;10407384;1
380;122;0;763;1340;10407391;1
376;122;0;763;1340;10407398;1
372;121;0;762;1350;10407405;1
369;121;0;762;1340;10407412;1
365;120;0;763;1350;10407419;1
361;120;0;761;1330;10407426;1
358;120;0;762;1330;10407433;1
354;120;0;762;1330;10407440;1
351;120;0;762;1330;10407447;1
347;120;0;762;1330;10407454;1
343;120;0;763;1330;10407461;1
340;120;0;762;1320;10407469;1
336;121;0;762;1310;10407476;1
333;121;0;764;1300;10407483;1
329;121;0;762;1270;10407490;1
326;122;0;761;1270;10407497;1
323;123;0;762;1270;10407504;1
320;123;0;763;1280;10407511;1
317;124;0;761;1260;10407518;1
313;125;0;762;1260;10407525;1
310;125;0;762;1250;10407532;1
307;126;0;762;1250;10407539;1
303;127;0;762;1220;10407546;1
299;128;0;762;1190;10407553;1
296;129;0;760;1160;10407560;1
292;130;0;763;1140;10407567;1
289;131;0;762;1140;10407574;1
286;132;0;763;1140;10407581;1
283;134;0;762;1130;10407588;1
280;135;0;763;1120;10407595;1
277;136;0;763;1120;10407602;1
274;137;0;763;1100;10407609;1
271;138;0;762;1100;10407616;1
269;139;0;762;1090;10407623;1
267;140;0;763;1090;10407630;1
264;141;0;763;1080;10407637;1
262;143;0;763;1080;10407644;1
260;144;0;763;1080;10407651;1
258;145;0;764;1080;10407659;1
256;146;0;763;1080;10407666;1
254;148;0;763;1090;10407673;1
253;149;0;765;1090;10407680;1
251;150;0;767;1090;10407687;1
250;151;0;763;1090;10407694;1
249;153;0;763;1090;10407701;1
247;154;0;763;1080;10407708;1
246;156;0;763;1090;10407715;1
244;157;0;767;1080;10407722;1
243;159;0;763;1080;10407729;1
242;161;0;763;1090;10407736;1
240;162;0;763;1100;10407743;1
239;164;0;763;1110;10407750;1
238;166;0;763;1110;10407757;1
236;167;0;767;1120;10407764;1
235;169;0;763;1120;10407771;1
233;171;0;763;1120;10407778;1
232;173;0;763;1120;10407785;1
230;175;0;763;1140;10407792;1
229;177;0;762;1160;10407799;1
228;179;0;763;1170;10407806;1
226;181;0;762;1180;10407813;1
225;184;0;762;1190;10407820;1
223;186;0;762;1200;10407827;1
222;188;0;763;1200;10407834;1
221;190;0;761;1210;10407842;1
220;193;0;760;1200;10407849;1
219;195;0;760;1210;10407856;1
218;197;0;759;1210;10407863;1
217;199;0;759;1210;10407870;1
216;201;0;759;1210;10407877;1
216;203;0;752;1220;10407884;1
216;205;0;751;1210;10407891;1
216;207;0;750;1220;10407898;1
216;209;0;751;1220;10407905;1
216;211;0;751;1220;10407912;1
217;213;0;750;1210;10407919;1
218;215;0;749;1210;10407926;1
218;217;0;749;1220;10407933;1
219;219;0;751;1230;10407940;1
219;222;0;753;1220;10407947;1
220;224;0;751;1220;10407954;1
220;226;0;751;1210;10407961;1
221;228;0;750;1210;10407968;1
222;231;0;751;1190;10407975;1
223;233;0;749;1190;10407982;1
224;235;0;751;1200;10407989;1
225;238;0;751;1200;10407996;1
226;240;0;750;1210;10408003;1
227;242;0;751;1220;10408010;1
228;245;0;751;1210;10408017;1
229;247;0;751;1170;10408025;1
231;249;0;750;1140;10408032;1
232;251;0;754;1120;10408039;1
233;253;0;749;1110;10408046;1
234;255;0;750;1110;10408053;1
235;257;0;750;1100;10408060;1
237;259;0;754;1100;10408067;1
238;261;0;750;1120;10408074;1
240;263;0;750;1120;10408081;1
241;265;0;750;1130;10408088;1
242;267;0;751;1120;10408095;1
244;269;0;750;1120;10408102;1
245;271;0;750;1120;10408109;1
246;273;0;750;1120;10408116;1
248;274;0;753;1130;10408123;1
249;276;0;751;1130;10408130;1
250;278;0;749;1130;10408137;1
251;280;0;753;1140;10408144;1
253;282;0;749;1140;10408151;1
254;283;0;751;1150;10408158;1
256;285;0;751;1150;10408165;1
257;287;0;751;1150;10408172;1
258;288;0;751;1160;10408179;1
260;290;0;751;1160;10408186;1
261;292;0;750;1160;10408193;1
263;293;0;751;1160;10408200;1
264;295;0;753;1130;10408207;1
265;296;0;751;1120;10408215;1
267;298;0;750;1110;10408222;1
269;299;0;751;1090;10408229;1
271;301;0;751;1100;10408236;1
272;302;0;751;1110;10408243;1
274;303;0;751;1110;10408250;1
276;305;0;750;1110;10408257;1
278;306;0;751;1120;10408264;1
280;308;0;751;1120;10408271;1
282;309;0;753;1120;10408278;1
284;311;0;751;1130;10408285;1
287;312;0;751;1130;10408292;1
289;314;0;751;1140;10408299;1
291;315;0;751;1130;10408306;1
293;317;0;752;1130;10408313;1
296;318;0;751;1130;10408320;1
298;319;0;755;1140;10408327;1
301;321;0;751;1150;10408334;1
304;322;0;754;1160;10408341;1
306;323;0;752;1180;10408348;1
309;324;0;751;1200;10408355;1
311;325;0;752;1220;10408362;1
313;326;0;755;1210;10408369;1
316;327;0;751;1210;10408376;1
318;328;0;754;1200;10408383;1
320;329;0;752;1210;10408390;1
323;330;0;754;1210;10408398;1
325;331;0;752;1210;10408405;1
327;332;0;753;1210;10408412;1
330;333;0;753;1210;10408419;1
333;334;0;754;1220;10408426;1
335;335;0;754;1220;10408433;1
338;336;0;754;1200;10408440;1
341;336;0;755;1200;10408447;1
345;337;0;759;1200;10408454;1
348;337;0;757;1200;10408461;1
351;338;0;757;1210;10408468;1
355;338;0;762;1210;10408475;1
359;339;0;759;1200;10408482;1
362;339;0;759;1210;10408489;1
366;339;0;759;1220;10408496;1
370;340;0;760;1210;10408503;1
374;340;0;760;1210;10408510;1
379;340;0;763;1210;10408517;1
383;340;0;760;1210;10408524;1
388;341;0;761;1220;10408531;1
393;341;0;761;1230;10408538;1
399;341;0;764;1240;10408545;1
404;341;0;763;1260;10408552;1
409;340;0;763;1280;10408559;1
414;340;0;763;1280;10408566;1
419;340;0;763;1280;10408573;1
424;339;0;767;1280;10408581;1
429;339;0;764;1280;10408588;1
435;338;0;767;1290;10408595;1
441;338;0;767;1290;10408602;1
446;337;0;767;1290;10408609;1
452;336;0;770;1300;10408616;1
457;336;0;770;1300;10408623;1
462;335;0;770;1310;10408630;1
468;334;0;770;1310;10408637;1
473;333;0;773;1310;10408644;1
478;332;0;770;1310;10408651;1
484;331;0;771;1310;10408658;1
489;330;0;775;1310;10408665;1
494;329;0;772;1320;10408672;1
498;328;0;773;1330;10408679;1
503;326;0;773;1340;10408686;1
507;325;0;774;1350;10408693;1
511;324;0;775;1350;10408700;1
515;322;0;776;1360;10408707;1
519;321;0;776;1360;10408714;1
523;320;0;778;1350;10408721;1
527;318;0;778;1350;10408728;1
531;317;0;779;1340;10408735;1
535;315;0;781;1340;10408742;1
539;313;0;780;1340;10408749;1
542;312;0;783;1340;10408756;1
546;310;0;781;1320;10408763;1
549;308;0;780;1310;10408771;1
552;306;0;782;1320;10408778;1
555;305;0;781;1320;10408785;1
557;303;0;783;1320;10408792;1
560;301;0;784;1310;10408799;1
562;299;0;785;1310;10408806;1
565;297;0;785;1340;10408813;1
567;295;0;784;1320;10408820;1
569;293;0;785;1310;10408827;1
571;291;0;787;1310;10408834;1
573;289;0;788;1290;10408841;1
576;287;0;788;1290;10408848;1
578;285;0;786;1280;10408855;1
580;283;0;787;1280;10408862;1
582;281;0;788;1280;10408869;1
584;278;0;788;1290;10408876;1
585;276;0;788;1300;10408883;1
587;274;0;789;1310;10408890;1
588;272;0;792;1330;10408897;1
589;270;0;790;1340;10408904;1
591;268;0;790;1340;10408911;1
592;266;0;792;1330;10408918;1
593;263;0;790;1340;10408925;1
595;261;0;790;1340;10408932;1
596;259;0;790;1340;10408939;1
597;257;0;792;1340;10408946;1
598;255;0;790;1330;10408954;1
600;253;0;792;1330;10408961;1
601;251;0;792;1330;10408968;1
602;249;0;792;1330;10408975;1
603;247;0;795;1320;10408982;1
604;245;0;792;1320;10408989;1
605;243;0;793;1310;10408996;1
606;241;0;793;1320;10409003;1
606;239;0;794;1320;10409010;1
606;236;0;797;1320;10409017;1
607;234;0;798;1340;10409024;1
607;232;0;799;1340;10409031;1
607;230;0;799;1350;10409038;1
607;227;0;799;1350;10409045;1
607;225;0;802;1350;10409052;1
607;223;0;800;1360;10409059;1
607;221;0;802;1360;10409066;1
606;218;0;802;1380;10409073;1
606;216;0;803;1380;10409080;1
605;214;0;801;1380;10409087;1
605;211;0;803;1380;10409094;1
605;209;0;804;1360;10409101;1
604;207;0;797;1360;10409108;1
604;205;0;804;1360;10409115;1
603;203;0;806;1380;10409122;1
603;201;0;810;1380;10409129;1
603;199;0;806;1360;10409137;1
603;196;0;809;1360;10409144;1
602;194;0;796;1350;10409151;1
602;192;0;816;1320;10409158;1
602;190;0;818;1320;10409165;1
602;187;0;820;1320;10409172;1
602;185;0;821;1340;10409179;1
601;183;0;821;1340;10409186;1
601;181;0;822;1350;10409193;1
600;178;0;827;1350;10409200;1
600;176;0;825;1350;10409207;1
599;174;0;827;1350;10409214;1
598;172;0;828;1350;10409221;1
597;170;0;832;1350;10409228;1
595;167;0;828;1350;10409235;1
594;165;0;828;1340;10409242;1
592;163;0;828;1350;10409249;1
591;161;0;827;1340;10409256;1
589;159;0;828;1340;10409263;1
588;157;0;829;1350;10409270;1
586;155;0;827;1340;10409277;1
584;153;0;829;1340;10409284;1
582;151;0;833;1330;10409291;1
580;149;0;833;1340;10409298;1
578;147;0;830;1360;10409305;1
576;145;0;832;1360;10409312;1
574;144;0;834;1380;10409320;1
572;142;0;828;1350;10409327;1
570;140;0;831;1320;10409334;1
568;138;0;829;1320;10409341;1
566;136;0;833;1320;10409348;1
564;135;0;828;1340;10409355;1
562;133;0;828;1340;10409362;1
560;131;0;830;1350;10409369;1
559;129;0;830;1350;10409376;1
557;128;0;830;1350;10409383;1
555;126;0;832;1360;10409390;1
553;124;0;832;1360;10409397;1
552;122;0;836;1360;10409404;1
550;121;0;832;1360;10409411;1
548;119;0;832;1360;10409418;1
546;117;0;833;1370;10409425;1
544;116;0;833;1390;10409432;1
542;114;0;833;1360;10409439;1
540;113;0;833;1360;10409446;1
538;111;0;833;1360;10409453;1
536;110;0;833;1360;10409460;1
534;108;0;833;1350;10409467;1
532;107;0;833;1350;10409474;1
530;106;0;833;1360;10409481;1
528;105;0;831;1360;10409488;1
525;104;0;833;1360;10409495;1
523;103;0;831;1360;10409502;1
521;101;0;833;1360;10409510;1
518;100;0;832;1380;10409517;1
516;99;0;832;1430;10409524;1
514;98;0;836;1440;10409531;1
512;97;0;831;1450;10409538;1
509;96;0;832;1450;10409545;1
507;95;0;830;1440;10409552;1
505;94;0;832;1430;10409559;1
503;93;0;834;1430;10409566;1
501;92;0;832;1400;10409573;1
498;91;0;831;1390;10409580;1
496;90;0;830;1380;10409587;1
494;89;0;831;1380;10409594;1
491;88;0;831;1370;10409601;1
488;87;0;830;1340;10409608;1
486;86;0;831;1350;10409615;1
483;85;0;832;1360;10409622;1
480;84;0;830;1400;10409629;1
478;84;0;832;1440;10409636;1
475;83;0;831;1440;10409643;1
473;82;0;831;1440;10409650;1
471;82;0;832;1430;10409657;1
468;81;0;833;1420;10409664;1
466;81;0;831;1420;10409671;1
463;80;0;830;1420;10409678;1
461;79;0;830;1420;10409685;1
458;79;0;830;1420;10409693;1
456;79;0;831;1420;10409700;1
453;78;0;830;1430;10409707;1
450;78;0;830;1430;10409714;1
448;77;0;830;1430;10409721;1
445;77;0;830;1430;10409728;1
442;76;0;830;1440;10409735;1
439;76;0;833;1440;10409742;1
436;76;0;829;1450;10409749;1
433;75;0;830;1450;10409756;1
431;75;0;830;1440;10409763;1
428;75;0;830;1440;10409770;1
425;75;0;830;1440;10409777;1
423;75;0;829;1430;10409784;1
420;75;0;829;1440;10409791;1
417;75;0;829;1440;10409798;1
415;75;0;830;1440;10409805;1
412;75;0;828;1450;10409812;1
409;75;0;828;1450;10409819;1
407;75;0;829;1450;10409826;1
404;75;0;833;1440;10409833;1
401;75;0;829;1430;10409840;1
398;75;0;828;1390;10409847;1
395;75;0;828;1420;10409854;1
391;75;0;827;1410;10409861;1
387;76;0;827;1430;10409868;1
384;76;0;827;1450;10409876;1
380;77;0;830;1430;10409883;1
377;77;0;828;1440;10409890;1
373;78;0;830;1420;10409897;1
369;78;0;827;1410;10409904;1
365;79;0;827;1400;10409911;1
361;79;0;827;1350;10409918;1
357;80;0;826;1320;10409925;1
353;81;0;831;1270;10409932;1
349;82;0;827;1270;10409939;1
344;82;0;827;1230;10409946;1
340;83;0;828;1220;10409953;1
336;84;0;827;1220;10409960;1
332;85;0;827;1230;10409967;1
328;86;0;827;1230;10409974;1
324;87;0;827;1230;10409981;1
320;87;0;827;1230;10409988;1
316;88;0;827;1190;10409995;1
312;89;0;827;1180;10410002;1
308;90;0;827;1200;10410009;1
303;91;0;828;1240;10410016;1
299;92;0;832;1310;10410023;1
295;93;0;828;1380;10410030;1
291;94;0;827;1400;10410037;1
287;96;0;828;1420;10410044;1
282;97;0;827;1290;10410051;1
277;98;0;828;1240;10410058;1
271;100;0;828;1170;10410066;1
266;101;0;833;1130;10410073;1
261;103;0;827;1120;10410080;1
256;104;0;829;1120;10410087;1
251;106;0;829;1130;10410094;1
246;108;0;830;1130;10410101;1
241;110;0;832;1140;10410108;1
236;111;0;830;1150;10410115;1
232;114;0;830;1150;10410122;1
226;116;0;831;1160;10410129;1
221;118;0;831;1180;10410136;1
215;121;0;833;1170;10410143;1
209;123;0;832;1160;10410150;1
203;126;0;831;1160;10410157;1
198;129;0;831;1150;10410164;1
193;132;0;836;1180;10410171;1
189;134;0;833;1200;10410178;1
184;137;0;833;1190;10410185;1
181;140;0;833;1180;10410192;1
178;143;0;833;1160;10410199;1
175;145;0;833;1170;10410206;1
174;147;0;833;1160;10410213;1
172;149;0;834;1190;10410220;1
169;151;0;833;1210;10410227;1
167;153;0;836;1190;10410234;1
163;156;0;833;1200;10410241;1
159;159;0;833;1200;10410249;1
155;162;0;832;1190;10410256;1
151;165;0;832;1210;10410263;1
147;168;0;833;1210;10410270;1
144;170;0;833;1220;10410277;1
141;173;0;833;1210;10410284;1
138;176;0;832;1190;10410291;1
135;179;0;831;1170;10410298;1
133;182;0;830;1150;10410305;1
131;185;0;830;1170;10410312;1
129;188;0;830;1170;10410319;1
128;191;0;828;1170;10410326;1
126;194;0;825;1220;10410333;1
125;197;0;825;1210;10410340;1
125;200;0;825;1220;10410347;1
124;202;0;819;1260;10410354;1
124;205;0;818;1250;10410361;1
123;208;0;818;1260;10410368;1
123;210;0;815;1250;10410375;1
123;213;0;815;1250;10410382;1
123;216;0;813;1240;10410389;1
123;218;0;812;1230;10410396;1
123;221;0;809;1240;10410403;1
124;224;0;809;1240;10410410;1
124;227;0;808;1240;10410417;1
125;230;0;809;1220;10410424;1
126;233;0;808;1220;10410432;1
127;236;0;810;1200;10410439;1
129;238;0;808;1200;10410446;1
130;241;0;806;1180;10410453;1
132;244;0;806;1170;10410460;1
134;247;0;806;1170;10410467;1
136;250;0;804;1140;10410474;1
139;252;0;808;1150;10410481;1
142;255;0;804;1120;10410488;1
144;257;0;804;1110;10410495;1
147;260;0;803;1090;10410502;1
150;263;0;803;1110;10410509;1
152;265;0;803;1160;10410516;1
155;268;0;803;1210;10410523;1
158;271;0;803;1250;10410530;1
161;273;0;802;1250;10410537;1
163;276;0;804;1230;10410544;1
166;279;0;803;1210;10410551;1
168;282;0;803;1200;10410558;1
170;285;0;806;1180;10410565;1
173;288;0;803;1170;10410572;1
175;291;0;803;1160;10410579;1
178;295;0;805;1160;10410586;1
181;298;0;804;1150;10410593;1
185;301;0;806;1140;10410600;1
188;304;0;809;1140;10410607;1
191;306;0;803;1140;10410614;1
194;308;0;804;1140;10410622;1
197;310;0;803;1130;10410629;1
200;313;0;803;1130;10410636;1
204;315;0;804;1130;10410643;1
207;317;0;804;1130;10410650;1
211;319;0;806;1140;10410657;1
215;321;0;805;1160;10410664;1
219;323;0;807;1180;10410671;1
222;325;0;805;1160;10410678;1
226;327;0;804;1160;10410685;1
229;329;0;805;1150;10410692;1
232;331;0;805;1150;10410699;1
234;333;0;806;1150;10410706;1
237;335;0;806;1140;10410713;1
239;336;0;806;1140;10410720;1
242;338;0;806;1140;10410727;1
244;340;0;806;1110;10410734;1
247;341;0;806;1100;10410741;1
249;343;0;807;1100;10410748;1
252;344;0;806;1080;10410755;1
254;346;0;808;1080;10410762;1
257;347;0;807;1060;10410769;1
260;348;0;809;1060;10410776;1
263;349;0;807;1060;10410783;1
266;351;0;812;1080;10410790;1
269;352;0;809;1080;10410797;1
272;353;0;809;1080;10410805;1
275;354;0;809;1080;10410812;1
278;355;0;809;1080;10410819;1
282;357;0;809;1090;10410826;1
285;358;0;809;1090;10410833;1
289;359;0;810;1090;10410840;1
292;360;0;809;1100;10410847;1
296;361;0;810;1090;10410854;1
301;362;0;813;1100;10410861;1
305;362;0;811;1110;10410868;1
309;363;0;815;1130;10410875;1
313;364;0;814;1140;10410882;1
317;365;0;813;1150;10410889;1
321;366;0;812;1160;10410896;1
325;367;0;814;1170;10410903;1
329;367;0;814;1170;10410910;1
334;368;0;815;1170;10410917;1
338;368;0;815;1170;10410924;1
343;369;0;815;1170;10410931;1
349;369;0;809;1180;10410938;1
354;369;0;815;1200;10410945;1
359;370;0;817;1210;10410952;1
364;370;0;809;1210;10410959;1
370;370;0;817;1200;10410966;1
375;370;0;816;1220;10410973;1
381;370;0;818;1220;10410980;1
386;371;0;818;1230;10410988;1
392;371;0;818;1240;10410995;1
398;370;0;822;1260;10411002;1
403;370;0;821;1290;10411009;1
409;370;0;819;1330;10411016;1
414;370;0;821;1340;10411023;1
420;369;0;820;1330;10411030;1
425;369;0;821;1330;10411037;1
430;368;0;821;1330;10411044;1
436;368;0;822;1330;10411051;1
441;367;0;823;1340;10411058;1
447;367;0;823;1340;10411065;1
452;366;0;825;1340;10411072;1
457;365;0;825;1340;10411079;1
462;364;0;827;1350;10411086;1
468;363;0;823;1360;10411093;1
473;362;0;825;1360;10411100;1
479;361;0;825;1360;10411107;1
485;360;0;825;1370;10411114;1
491;359;0;825;1370;10411121;1
496;358;0;818;1370;10411128;1
502;357;0;825;1390;10411135;1
507;356;0;827;1370;10411142;1
512;355;0;825;1360;10411149;1
518;353;0;825;1360;10411156;1
523;352;0;825;1350;10411163;1
529;351;0;827;1350;10411170;1
534;350;0;826;1350;10411178;1
539;349;0;829;1350;10411185;1
545;347;0;826;1360;10411192;1
550;346;0;827;1370;10411199;1
555;344;0;827;1360;10411206;1
560;342;0;829;1360;10411213;1
565;341;0;827;1360;10411220;1
570;339;0;827;1340;10411227;1
575;337;0;828;1340;10411234;1
580;335;0;828;1340;10411241;1
584;333;0;830;1320;10411248;1
588;332;0;832;1320;10411255;1
592;330;0;832;1310;10411262;1
595;328;0;833;1310;10411269;1
598;327;0;833;1310;10411276;1
601;325;0;837;1310;10411283;1
604;323;0;828;1330;10411290;1
607;322;0;841;1330;10411297;1
609;320;0;836;1330;10411304;1
611;318;0;839;1330;10411311;1
613;316;0;839;1330;10411318;1
615;314;0;839;1310;10411325;1
617;312;0;840;1310;10411332;1
620;310;0;841;1300;10411339;1
622;309;0;840;1300;10411346;1
624;307;0;840;1290;10411353;1
626;305;0;841;1270;10411361;1
629;303;0;841;1270;10411368;1
631;301;0;842;1270;10411375;1
633;299;0;842;1280;10411382;1
635;298;0;842;1280;10411389;1
637;296;0;842;1280;10411396;1
639;294;0;848;1280;10411403;1
640;292;0;845;1270;10411410;1
642;290;0;845;1260;10411417;1
643;288;0;845;1260;10411424;1
645;286;0;847;1270;10411431;1
646;284;0;848;1270;10411438;1
647;282;0;846;1280;10411445;1
649;280;0;847;1280;10411452;1
650;278;0;849;1300;10411459;1
652;276;0;847;1310;10411466;1
653;274;0;850;1320;10411473;1
654;272;0;848;1320;10411480;1
655;270;0;848;1350;10411487;1
656;267;0;848;1350;10411494;1
657;265;0;850;1350;10411501;1
658;263;0;849;1340;10411508;1
659;261;0;851;1340;10411515;1
659;259;0;851;1340;10411522;1
660;257;0;851;1340;10411529;1
661;255;0;851;1340;10411536;1
661;253;0;851;1340;10411544;1
662;251;0;853;1340;10411551;1
662;249;0;853;1360;10411558;1
663;247;0;853;1360;10411565;1
663;245;0;854;1360;10411572;1
663;243;0;854;1360;10411579;1
663;241;0;855;1360;10411586;1
663;240;0;858;1360;10411593;1
664;238;0;860;1380;10411600;1
664;236;0;856;1360;10411607;1
664;234;0;858;1360;10411614;1
664;232;0;858;1360;10411621;1
664;230;0;858;1380;10411628;1
664;228;0;858;1380;10411635;1
664;226;0;859;1390;10411642;1
664;224;0;859;1400;10411649;1
664;222;0;859;1400;10411656;1
664;220;0;861;1400;10411663;1
664;218;0;861;1410;10411670;1
663;216;0;861;1410;10411677;1
663;214;0;861;1410;10411684;1
663;212;0;861;1410;10411691;1
662;210;0;863;1410;10411698;1
662;208;0;863;1400;10411705;1
661;205;0;863;1400;10411712;1
660;203;0;864;1400;10411719;1
660;201;0;863;1420;10411726;1
659;199;0;863;1420;10411734;1
658;197;0;863;1400;10411741;1
657;194;0;866;1400;10411748;1
657;192;0;845;1390;10411755;1
656;189;0;873;1360;10411762;1
655;187;0;874;1360;10411769;1
653;184;0;875;1380;10411776;1
652;182;0;878;1380;10411783;1
651;179;0;878;1380;10411790;1
649;177;0;878;1390;10411797;1
648;174;0;878;1400;10411804;1
646;172;0;879;1390;10411811;1
645;169;0;879;1390;10411818;1
643;167;0;880;1380;10411825;1
641;164;0;880;1380;10411832;1
639;162;0;881;1360;10411839;1
637;159;0;881;1360;10411846;1
636;156;0;881;1360;10411853;1
634;154;0;884;1350;10411860;1
632;151;0;881;1360;10411867;1
629;149;0;881;1370;10411874;1
627;146;0;880;1370;10411881;1
625;143;0;881;1350;10411888;1
622;141;0;880;1350;10411895;1
619;138;0;883;1310;10411902;1
616;136;0;878;1310;10411909;1
614;133;0;879;1310;10411917;1
611;130;0;879;1310;10411924;1
608;128;0;878;1330;10411931;1
605;125;0;875;1340;10411938;1
602;123;0;875;1350;10411945;1
599;120;0;875;1350;10411952;1
596;118;0;877;1360;10411959;1
593;115;0;874;1360;10411966;1
589;113;0;875;1360;10411973;1
586;110;0;875;1350;10411980;1
582;108;0;875;1340;10411987;1
578;106;0;875;1340;10411994;1
574;104;0;874;1350;10412001;1
569;102;0;874;1390;10412008;1
565;100;0;872;1430;10412015;1
560;98;0;864;1450;10412022;1
555;96;0;872;1470;10412029;1
550;94;0;871;1460;10412036;1
545;92;0;871;1440;10412043;1
540;90;0;869;1430;10412050;1
535;88;0;873;1420;10412057;1
529;87;0;867;1420;10412064;1
523;85;0;868;1430;10412071;1
518;84;0;866;1420;10412078;1
512;83;0;866;1410;10412085;1
506;82;0;865;1410;10412092;1
500;80;0;866;1400;10412100;1
494;79;0;866;1370;10412107;1
488;78;0;866;1400;10412114;1
481;78;0;865;1420;10412121;1
475;77;0;867;1430;10412128;1
469;76;0;864;1460;10412135;1
463;76;0;864;1460;10412142;1
458;75;0;864;1450;10412149;1
452;75;0;864;1450;10412156;1
447;75;0;863;1440;10412163;1
442;75;0;863;1440;10412170;1
436;75;0;863;1450;10412177;1
431;75;0;861;1450;10412184;1
426;76;0;862;1460;10412191;1
421;77;0;860;1450;10412198;1
416;77;0;859;1450;10412205;1
411;78;0;860;1440;10412212;1
406;79;0;858;1420;10412219;1
401;80;0;858;1400;10412226;1
396;82;0;855;1400;10412233;1
390;83;0;855;1410;10412240;1
385;85;0;855;1430;10412247;1
380;86;0;854;1500;10412254;1
375;89;0;858;1470;10412261;1
370;91;0;854;1440;10412268;1
365;93;0;854;1330;10412275;1
359;96;0;854;1240;10412282;1
352;98;0;854;1230;10412290;1
346;101;0;855;1240;10412297;1
340;103;0;855;1260;10412304;1
334;106;0;856;1260;10412311;1
329;109;0;858;1270;10412318;1
323;112;0;858;1260;10412325;1
317;115;0;858;1250;10412332;1
311;119;0;859;1200;10412339;1
305;123;0;860;1170;10412346;1
298;127;0;860;1140;10412353;1
290;132;0;859;1100;10412360;1
283;136;0;860;1090;10412367;1
276;140;0;860;1080;10412374;1
269;144;0;862;1070;10412381;1
263;149;0;864;1060;10412388;1
257;153;0;863;1070;10412395;1
251;157;0;863;1080;10412402;1
246;161;0;867;1080;10412409;1
242;166;0;863;1090;10412416;1
238;170;0;863;1100;10412423;1
234;175;0;863;1120;10412430;1
230;179;0;863;1140;10412437;1
226;183;0;863;1160;10412444;1
223;188;0;861;1180;10412451;1
220;193;0;862;1170;10412458;1
217;197;0;863;1170;10412465;1
215;201;0;858;1190;10412473;1
213;205;0;855;1190;10412480;1
212;209;0;848;1160;10412487;1
211;213;0;847;1140;10412494;1
210;217;0;846;1100;10412501;1
210;221;0;846;1080;10412508;1
210;225;0;845;1120;10412515;1
210;229;0;845;1150;10412522;1
211;233;0;845;1180;10412529;1
212;237;0;845;1240;10412536;1
214;242;0;844;1250;10412543;1
216;245;0;844;1230;10412550;1
218;249;0;843;1190;10412557;1
221;252;0;842;1170;10412564;1
224;256;0;840;1140;10412571;1
227;259;0;839;1140;10412578;1
230;263;0;838;1150;10412585;1
233;266;0;838;1150;10412592;1
236;269;0;839;1150;10412599;1
239;273;0;836;1140;10412606;1
243;276;0;836;1130;10412613;1
246;280;0;836;1130;10412620;1
250;283;0;836;1130;10412627;1
254;286;0;835;1130;10412634;1
259;290;0;835;1130;10412641;1
263;293;0;836;1150;10412648;1
268;296;0;835;1130;10412656;1
273;299;0;835;1120;10412663;1
278;302;0;835;1120;10412670;1
283;304;0;839;1110;10412677;1
289;307;0;835;1120;10412684;1
294;310;0;836;1120;10412691;1
300;313;0;835;1130;10412698;1
305;315;0;835;1150;10412705;1
311;318;0;836;1180;10412712;1
316;320;0;835;1190;10412719;1
321;323;0;834;1180;10412726;1
327;325;0;834;1190;10412733;1
332;327;0;835;1190;10412740;1
337;330;0;836;1200;10412747;1
343;332;0;836;1190;10412754;1
349;334;0;836;1190;10412761;1
354;336;0;836;1180;10412768;1
360;338;0;839;1180;10412775;1
366;340;0;837;1190;10412782;1
372;341;0;837;1190;10412789;1
379;343;0;842;1190;10412796;1
386;344;0;836;1180;10412803;1
393;346;0;842;1170;10412810;1
400;347;0;839;1180;10412817;1
407;348;0;839;1210;10412824;1
414;348;0;839;1270;10412831;1
421;349;0;839;1330;10412839;1
427;350;0;841;1330;10412846;1
435;351;0;839;1330;10412853;1
442;351;0;841;1330;10412860;1
449;352;0;842;1330;10412867;1
457;352;0;842;1340;10412874;1
464;352;0;840;1360;10412881;1
472;352;0;842;1360;10412888;1
481;352;0;843;1370;10412895;1
489;352;0;848;1360;10412902;1
497;351;0;842;1360;10412909;1
505;351;0;845;1340;10412916;1
513;350;0;845;1330;10412923;1
521;350;0;845;1340;10412930;1
528;349;0;844;1340;10412937;1
536;348;0;844;1340;10412944;1
544;348;0;845;1350;10412951;1
551;347;0;845;1360;10412958;1
559;345;0;846;1390;10412965;1
567;344;0;849;1390;10412972;1
575;342;0;845;1360;10412979;1
583;341;0;850;1340;10412986;1
591;339;0;847;1310;10412993;1
598;337;0;848;1310;10413000;1
604;335;0;847;1300;10413007;1
611;334;0;848;1300;10413014;1
618;332;0;846;1300;10413021;1
624;330;0;848;1300;10413029;1
630;328;0;852;1310;10413036;1
636;325;0;846;1310;10413043;1
642;323;0;849;1340;10413050;1
647;321;0;849;1320;10413057;1
652;319;0;848;1340;10413064;1
657;316;0;849;1350;10413071;1
662;314;0;849;1340;10413078;1
666;312;0;853;1350;10413085;1
671;309;0;850;1340;10413092;1
675;307;0;851;1340;10413099;1
679;304;0;850;1340;10413106;1
682;302;0;855;1330;10413113;1
686;299;0;851;1340;10413120;1
689;297;0;852;1360;10413127;1
692;294;0;851;1350;10413134;1
695;292;0;851;1340;10413141;1
698;289;0;852;1320;10413148;1
701;287;0;853;1280;10413155;1
703;284;0;853;1280;10413162;1
706;282;0;852;1280;10413169;1
709;279;0;852;1300;10413176;1
711;277;0;854;1310;10413183;1
714;275;0;854;1320;10413190;1
716;272;0;855;1320;10413197;1
718;270;0;856;1340;10413204;1
719;268;0;856;1340;10413212;1
721;266;0;855;1350;10413219;1
723;263;0;858;1350;10413226;1
725;261;0;860;1340;10413233;1
726;259;0;858;1340;10413240;1
728;257;0;858;1340;10413247;1
729;255;0;858;1350;10413254;1
731;253;0;858;1350;10413261;1
732;251;0;858;1350;10413268;1
733;249;0;858;1360;10413275;1
734;247;0;860;1360;10413282;1
735;245;0;858;1380;10413289;1
736;243;0;859;1380;10413296;1
736;241;0;859;1380;10413303;1
737;240;0;861;1380;10413310;1
737;238;0;860;1380;10413317;1
738;236;0;862;1380;10413324;1
739;234;0;863;1380;10413331;1
739;233;0;863;1390;10413338;1
740;231;0;863;1390;10413345;1
741;229;0;864;1400;10413352;1
742;228;0;863;1410;10413359;1
742;226;0;863;1430;10413366;1
743;225;0;866;1430;10413373;1
743;223;0;865;1440;10413380;1
744;222;0;869;1440;10413387;1
744;220;0;868;1440;10413395;1
744;219;0;866;1440;10413402;1
744;218;0;867;1440;10413409;1
745;216;0;871;1430;10413416;1
745;215;0;873;1440;10413423;1
745;214;0;870;1440;10413430;1
745;213;0;872;1440;10413437;1
746;211;0;870;1440;10413444;1
746;210;0;872;1440;10413451;1
746;209;0;865;1450;10413458;1
747;208;0;873;1450;10413465;1
747;207;0;872;1450;10413472;1
747;206;0;873;1450;10413479;1
747;205;0;874;1450;10413486;1
748;204;0;867;1440;10413493;1
748;204;0;876;1450;10413500;1
748;203;0;876;1450;10413507;1
748;202;0;877;1450;10413514;1
748;202;0;878;1460;10413521;1
749;201;0;878;1450;10413528;1
749;201;0;878;1470;10413535;1
749;200;0;879;1470;10413542;1
749;199;0;878;1460;10413549;1
749;199;0;879;1470;10413556;1
749;199;0;880;1470;10413563;1
749;198;0;881;1440;10413570;1
749;198;0;873;1440;10413577;1
750;197;0;863;1430;10413585;1
750;197;0;887;1420;10413592;1
750;196;0;868;1400;10413599;1
750;196;0;891;1390;10413606;1
750;195;0;892;1400;10413613;1
750;195;0;892;1400;10413620;1
750;195;0;897;1400;10413627;1
750;195;0;894;1400;10413634;1
750;195;0;894;1400;10413641;1
750;195;0;895;1400;10413648;1
750;195;0;893;1400;10413655;1
750;195;0;893;1420;10413662;1
750;195;0;893;1420;10413669;1
750;195;0;891;1400;10413676;1
750;195;0;891;1400;10413683;1
750;195;0;891;1400;10413690;1
750;195;0;891;1400;10413697;1
750;195;0;891;1400;10413704;1
750;195;0;891;1390;10413711;1
750;195;0;893;1390;10413718;1
750;195;0;891;1410;10413725;1
750;195;0;891;1400;10413732;1
750;195;0;891;1400;10413739;1
750;195;0;889;1400;10413746;1
750;195;0;891;1400;10413753;1
750;195;0;891;1400;10413760;1
750;195;0;882;1400;10413768;1
750;195;0;878;1400;10413775;1
750;195;0;865;1400;10413782;1
749;195;0;845;1390;10413789;1
749;195;0;821;1390;10413796;1
749;195;0;793;1400;10413803;1
749;195;0;764;1400;10413810;1
749;195;0;734;1400;10413817;1
750;195;0;704;1400;10413824;1
751;195;0;679;1390;10413831;1
752;195;0;666;1410;10413838;1
753;195;0;654;1400;10413845;1
755;195;0;641;1400;10413852;1
756;195;0;630;1420;10413859;1
758;195;0;600;1420;10413866;1
759;195;0;535;1420;10413873;1
759;195;0;389;1430;10413880;1
759;196;0;129;1420;10413887;1
