408;190;0;4;1310;12303255;0
408;190;0;6;1310;12303262;0
408;190;0;6;1310;12303269;0
408;190;0;6;1310;12303276;0
408;190;0;6;1310;12303283;0
408;190;0;3;1310;12303683;0
405;191;0;11;1310;12303690;0
405;191;0;14;1320;12303697;0
405;191;0;17;1320;12303704;0
405;191;0;19;1320;12303711;0
405;191;0;23;1320;12303718;0
405;191;0;30;1320;12303725;0
405;191;0;55;1320;12303732;0
406;191;0;74;1340;12303740;0
406;191;0;79;1350;12303747;0
406;191;0;87;1350;12303754;0
406;191;0;103;1340;12303761;0
406;191;0;118;1340;12303768;0
406;190;0;132;1320;12303775;0
406;190;0;142;1320;12303782;0
406;190;0;152;1320;12303789;0
406;190;0;165;1320;12303796;0
406;190;0;172;1320;12303803;0
406;190;0;179;1320;12303810;0
406;190;0;184;1320;12303817;0
405;190;0;190;1340;12303824;0
405;190;0;198;1320;12303831;0
405;190;0;204;1340;12303838;0
405;190;0;211;1320;12303845;0
405;190;0;218;1320;12303852;0
405;190;0;224;1320;12303859;0
405;190;0;231;1320;12303866;0
405;190;0;238;1320;12303873;0
404;190;0;245;1320;12303880;0
404;190;0;253;1310;12303887;0
404;190;0;260;1320;12303894;0
404;190;0;271;1320;12303901;0
404;189;0;282;1320;12303908;0
403;189;0;292;1320;12303915;0
403;189;0;304;1320;12303923;0
403;189;0;314;1320;12303930;0
403;189;0;324;1320;12303937;0
402;189;0;331;1340;12303944;0
402;189;0;338;1340;12303951;0
402;189;0;344;1340;12303958;0
402;189;0;349;1320;12303965;0
402;189;0;354;1320;12303972;0
402;189;0;357;1340;12303979;0
401;189;0;361;1320;12303986;0
401;189;0;366;1320;12303993;0
401;189;0;372;1340;12304000;0
401;189;0;377;1320;12304007;0
401;189;0;379;1320;12304014;0
401;189;0;381;1340;12304021;0
401;189;0;382;1330;12304028;0
401;189;0;386;1330;12304035;0
401;189;0;388;1310;12304042;0
400;189;0;390;1310;12304049;0
400;189;0;393;1320;12304056;0
400;189;0;398;1310;12304063;0
399;189;0;404;1320;12304070;0
399;189;0;409;1320;12304077;0
399;189;0;414;1310;12304084;0
398;189;0;418;1310;12304091;0
398;189;0;421;1310;12304098;0
398;189;0;424;1310;12304106;0
398;189;0;426;1310;12304113;0
398;189;0;427;1310;12304120;0
397;189;0;430;1310;12304127;0
397;189;0;432;1310;12304134;0
397;189;0;433;1300;12304141;0
397;189;0;434;1300;12304148;0
397;188;0;436;1290;12304155;0
397;188;0;437;1300;12304162;0
396;188;0;437;1300;12304169;0
396;188;0;438;1290;12304176;0
396;188;0;440;1300;12304183;0
396;188;0;442;1300;12304190;0
396;187;0;444;1290;12304197;0
395;187;0;447;1290;12304204;0
395;187;0;448;1290;12304211;0
394;187;0;449;1280;12304218;0
394;186;0;449;1300;12304225;0
394;186;0;450;1300;12304232;0
394;186;0;451;1300;12304239;0
393;186;0;452;1290;12304246;0
393;185;0;452;1290;12304253;0
392;185;0;453;1280;12304260;0
392;185;0;455;1260;12304267;0
392;185;0;456;1280;12304274;0
391;184;0;456;1280;12304281;0
391;184;0;458;1290;12304288;0
390;184;0;460;1280;12304296;0
390;184;0;462;1280;12304303;0
389;184;0;463;1290;12304310;0
389;184;0;464;1270;12304317;0
388;183;0;465;1280;12304324;0
387;183;0;466;1270;12304331;0
387;183;0;467;1270;12304338;0
386;183;0;468;1290;12304345;0
385;183;0;468;1280;12304352;0
384;183;0;469;1290;12304359;0
384;183;0;469;1290;12304366;0
383;183;0;470;1280;12304373;0
382;184;0;470;1280;12304380;0
381;184;0;471;1300;12304387;0
380;184;0;471;1280;12304394;0
379;184;0;471;1280;12304401;0
378;184;0;471;1280;12304408;0
377;185;0;471;1270;12304415;0
376;185;0;472;1260;12304422;0
376;185;0;473;1270;12304429;0
375;185;0;476;1260;12304436;0
375;185;0;478;1270;12304443;0
374;185;0;480;1270;12304450;0
374;185;0;481;1270;12304457;0
374;185;0;481;1280;12304464;0
373;185;0;482;1280;12304471;0
373;185;0;482;1270;12304479;0
372;185;0;483;1260;12304486;0
372;185;0;484;1260;12304493;0
371;185;0;484;1260;12304500;0
371;185;0;484;1270;12304507;0
370;184;0;485;1270;12304514;0
370;184;0;485;1270;12304521;0
370;184;0;485;1270;12304528;0
369;184;0;486;1270;12304535;0
369;184;0;486;1270;12304542;0
368;184;0;486;1260;12304549;0
368;183;0;487;1270;12304556;0
368;183;0;487;1270;12304563;0
367;183;0;487;1270;12304570;0
367;183;0;487;1270;12304577;0
367;183;0;487;1290;12304584;0
366;183;0;488;1300;12304591;0
366;183;0;489;1290;12304598;0
365;183;0;490;1300;12304605;0
365;183;0;490;1290;12304612;0
364;183;0;490;1270;12304619;0
363;183;0;490;1260;12304626;0
362;183;0;492;1250;12304633;0
362;183;0;492;1260;12304640;0
361;183;0;493;1260;12304647;0
360;183;0;493;1260;12304654;0
360;183;0;495;1260;12304662;0
359;183;0;495;1250;12304669;0
358;183;0;496;1250;12304676;0
357;183;0;497;1250;12304683;0
357;183;0;499;1250;12304690;0
356;183;0;500;1250;12304697;0
355;183;0;501;1260;12304704;0
354;183;0;503;1260;12304711;0
353;183;0;503;1260;12304718;0
352;183;0;506;1260;12304725;0
352;183;0;507;1270;12304732;0
350;183;0;508;1260;12304739;0
349;183;0;509;1260;12304746;0
348;183;0;509;1250;12304753;0
347;183;0;509;1250;12304760;0
346;183;0;509;1250;12304767;0
346;184;0;509;1250;12304774;0
345;184;0;510;1250;12304781;0
345;184;0;510;1250;12304788;0
344;184;0;510;1250;12304795;0
344;184;0;510;1250;12304802;0
343;184;0;510;1260;12304809;0
343;184;0;511;1250;12304816;0
342;184;0;511;1250;12304823;0
342;184;0;512;1250;12304830;0
341;184;0;511;1250;12304837;0
341;185;0;512;1250;12304844;0
341;185;0;512;1250;12304852;0
340;185;0;512;1250;12304859;0
340;185;0;512;1250;12304866;0
340;185;0;512;1250;12304873;0
339;185;0;512;1250;12304880;0
339;185;0;512;1250;12304887;0
338;185;0;512;1230;12304894;0
338;185;0;513;1230;12304901;0
337;186;0;512;1230;12304908;0
337;186;0;513;1230;12304915;0
336;186;0;513;1250;12304922;0
336;186;0;513;1250;12304929;0
335;186;0;514;1250;12304936;0
335;186;0;514;1250;12304943;0
334;186;0;515;1250;12304950;0
333;186;0;515;1280;12304957;0
333;187;0;517;1280;12304964;0
332;187;0;518;1280;12304971;0
331;187;0;518;1280;12304978;0
330;188;0;518;1250;12304985;0
329;188;0;519;1270;12304992;0
328;188;0;519;1270;12304999;0
327;189;0;519;1260;12305006;0
327;189;0;520;1250;12305013;0
326;189;0;520;1250;12305020;0
326;190;0;520;1250;12305027;0
325;190;0;520;1250;12305035;0
325;190;0;521;1270;12305042;0
324;190;0;521;1270;12305049;0
324;191;0;521;1260;12305056;0
324;191;0;521;1270;12305063;0
323;191;0;521;1250;12305070;0
323;192;0;521;1250;12305077;0
323;192;0;521;1250;12305084;0
322;192;0;521;1250;12305091;0
322;193;0;522;1250;12305098;0
321;193;0;523;1250;12305105;0
321;193;0;525;1230;12305112;0
321;194;0;525;1230;12305119;0
320;194;0;526;1230;12305126;0
320;194;0;528;1230;12305133;0
320;195;0;528;1230;12305140;0
319;195;0;528;1230;12305147;0
319;195;0;528;1220;12305154;0
319;196;0;529;1220;12305161;0
318;196;0;531;1220;12305168;0
318;196;0;531;1220;12305175;0
318;197;0;532;1230;12305182;0
318;197;0;533;1230;12305189;0
317;198;0;534;1230;12305196;0
317;198;0;534;1220;12305203;0
316;198;0;535;1210;12305210;0
316;199;0;537;1200;12305218;0
315;199;0;532;1190;12305225;0
315;200;0;533;1190;12305232;0
315;200;0;534;1190;12305239;0
315;200;0;534;1190;12305246;0
314;201;0;535;1170;12305253;0
314;201;0;535;1170;12305260;0
314;202;0;537;1180;12305267;0
314;202;0;538;1170;12305274;0
313;203;0;539;1180;12305281;0
313;203;0;539;1180;12305288;0
313;203;0;540;1190;12305295;0
313;204;0;540;1190;12305302;0
313;204;0;540;1190;12305309;0
313;204;0;541;1190;12305316;0
313;205;0;542;1190;12305323;0
313;205;0;543;1190;12305330;0
313;205;0;545;1190;12305337;0
314;206;0;547;1190;12305344;0
314;206;0;549;1180;12305351;0
314;207;0;551;1180;12305358;0
314;207;0;552;1180;12305365;0
313;208;0;556;1190;12305372;0
313;209;0;556;1190;12305379;0
313;209;0;558;1200;12305386;0
312;210;0;558;1190;12305393;0
312;210;0;559;1190;12305400;0
312;211;0;559;1190;12305408;0
311;211;0;559;1190;12305415;0
311;212;0;561;1180;12305422;0
311;212;0;561;1190;12305429;0
311;213;0;561;1200;12305436;0
311;213;0;561;1200;12305443;0
311;213;0;561;1200;12305450;0
311;214;0;561;1180;12305457;0
311;214;0;561;1190;12305464;0
311;214;0;561;1190;12305471;0
311;215;0;561;1180;12305478;0
311;215;0;561;1200;12305485;0
311;215;0;562;1200;12305492;0
311;216;0;562;1200;12305499;0
311;216;0;561;1200;12305506;0
311;216;0;562;1200;12305513;0
311;217;0;563;1210;12305520;0
311;218;0;564;1220;12305527;0
311;218;0;564;1220;12305534;0
311;219;0;565;1200;12305541;0
311;219;0;564;1200;12305548;0
311;220;0;565;1200;12305555;0
311;220;0;565;1200;12305562;0
311;221;0;565;1210;12305569;0
311;221;0;566;1210;12305576;0
311;222;0;566;1210;12305583;0
311;222;0;566;1210;12305591;0
311;223;0;567;1200;12305598;0
311;223;0;568;1210;12305605;0
311;224;0;568;1210;12305612;0
312;224;0;569;1220;12305619;0
312;225;0;571;1220;12305626;0
312;225;0;571;1220;12305633;0
313;226;0;572;1230;12305640;0
313;226;0;573;1210;12305647;0
314;227;0;573;1220;12305654;0
315;227;0;574;1210;12305661;0
315;228;0;574;1220;12305668;0
316;228;0;575;1220;12305675;0
317;229;0;575;1210;12305682;0
318;229;0;575;1220;12305689;0
318;230;0;576;1220;12305696;0
319;230;0;576;1230;12305703;0
319;231;0;576;1230;12305710;0
320;231;0;577;1220;12305717;0
320;232;0;577;1220;12305724;0
321;232;0;577;1230;12305731;0
321;233;0;577;1230;12305738;0
322;233;0;577;1240;12305745;0
322;234;0;578;1240;12305752;0
322;234;0;578;1220;12305759;0
323;235;0;578;1220;12305766;0
323;236;0;579;1220;12305774;0
323;236;0;579;1220;12305781;0
323;237;0;579;1240;12305788;0
323;237;0;580;1240;12305795;0
323;237;0;580;1250;12305802;0
324;238;0;580;1240;12305809;0
324;238;0;580;1240;12305816;0
324;238;0;580;1230;12305823;0
324;239;0;580;1230;12305830;0
324;239;0;581;1230;12305837;0
324;240;0;581;1230;12305844;0
324;240;0;581;1230;12305851;0
324;240;0;581;1230;12305858;0
324;240;0;582;1230;12305865;0
324;241;0;582;1230;12305872;0
324;241;0;582;1230;12305879;0
324;241;0;582;1230;12305886;0
324;242;0;582;1220;12305893;0
325;242;0;582;1220;12305900;0
325;242;0;582;1220;12305907;0
325;242;0;582;1220;12305914;0
325;243;0;583;1230;12305921;0
325;243;0;583;1230;12305928;0
325;243;0;583;1230;12305935;0
325;243;0;583;1230;12305942;0
326;244;0;584;1220;12305949;0
326;244;0;584;1220;12305956;0
326;244;0;585;1210;12305964;0
326;244;0;585;1230;12305971;0
326;244;0;586;1230;12305978;0
326;245;0;586;1230;12305985;0
327;245;0;586;1230;12305992;0
327;245;0;586;1230;12305999;0
327;245;0;586;1220;12306006;0
328;246;0;587;1220;12306013;0
328;246;0;588;1220;12306020;0
329;246;0;588;1230;12306027;0
329;246;0;589;1210;12306034;0
330;246;0;589;1220;12306041;0
330;246;0;592;1220;12306048;0
331;246;0;594;1220;12306055;0
331;246;0;594;1220;12306062;0
332;246;0;594;1220;12306069;0
332;247;0;595;1220;12306076;0
333;247;0;596;1220;12306083;0
333;247;0;596;1230;12306090;0
334;247;0;596;1220;12306097;0
334;247;0;597;1230;12306104;0
335;247;0;599;1230;12306111;0
336;247;0;598;1220;12306118;0
337;247;0;598;1230;12306125;0
338;247;0;599;1240;12306132;0
338;247;0;599;1240;12306139;0
339;247;0;599;1240;12306147;0
339;247;0;599;1240;12306154;0
340;247;0;599;1230;12306161;0
341;248;0;599;1230;12306168;0
341;248;0;599;1220;12306175;0
342;248;0;601;1230;12306182;0
343;248;0;599;1220;12306189;0
344;248;0;599;1220;12306196;0
344;248;0;600;1220;12306203;0
345;248;0;600;1230;12306210;0
346;248;0;600;1230;12306217;0
347;249;0;600;1210;12306224;0
348;249;0;599;1210;12306231;0
348;249;0;600;1190;12306238;0
349;249;0;598;1190;12306245;0
349;250;0;600;1190;12306252;0
350;250;0;602;1190;12306259;0
350;250;0;602;1210;12306266;0
351;250;0;601;1210;12306273;0
352;250;0;601;1220;12306280;0
352;251;0;602;1210;12306287;0
353;251;0;602;1210;12306294;0
354;251;0;602;1210;12306301;0
354;251;0;602;1210;12306308;0
355;251;0;602;1190;12306315;0
356;251;0;602;1200;12306322;0
356;251;0;603;1190;12306330;0
357;251;0;602;1200;12306337;0
358;251;0;606;1200;12306344;0
359;252;0;604;1200;12306351;0
359;252;0;604;1200;12306358;0
360;252;0;604;1200;12306365;0
361;252;0;603;1210;12306372;0
362;252;0;604;1210;12306379;0
362;253;0;604;1220;12306386;0
363;253;0;605;1230;12306393;0
364;253;0;605;1220;12306400;0
365;253;0;607;1230;12306407;0
366;253;0;607;1220;12306414;0
367;253;0;605;1220;12306421;0
368;253;0;606;1220;12306428;0
369;253;0;605;1230;12306435;0
370;253;0;609;1230;12306442;0
371;253;0;605;1240;12306449;0
372;253;0;605;1230;12306456;0
373;253;0;606;1240;12306463;0
374;254;0;607;1240;12306470;0
375;254;0;606;1250;12306477;0
376;254;0;606;1270;12306484;0
377;254;0;607;1270;12306491;0
378;254;0;608;1270;12306498;0
379;254;0;607;1270;12306505;0
380;254;0;608;1240;12306513;0
381;254;0;608;1260;12306520;0
382;254;0;608;1260;12306527;0
383;253;0;608;1260;12306534;0
384;253;0;608;1270;12306541;0
386;253;0;608;1270;12306548;0
388;253;0;608;1280;12306555;0
389;253;0;608;1280;12306562;0
391;253;0;609;1280;12306569;0
393;252;0;609;1280;12306576;0
395;252;0;609;1290;12306583;0
397;252;0;610;1310;12306590;0
399;252;0;610;1330;12306597;0
401;252;0;610;1340;12306604;0
402;251;0;610;1350;12306611;0
404;251;0;611;1350;12306618;0
405;251;0;610;1350;12306625;0
407;251;0;611;1350;12306632;0
408;251;0;613;1350;12306639;0
409;251;0;610;1360;12306646;0
411;251;0;611;1350;12306653;0
412;251;0;611;1360;12306660;0
413;250;0;612;1360;12306667;0
414;250;0;611;1360;12306674;0
416;250;0;611;1360;12306681;0
417;250;0;611;1360;12306688;0
418;250;0;610;1360;12306695;0
419;250;0;612;1360;12306703;0
420;250;0;613;1360;12306710;0
421;250;0;614;1360;12306717;0
423;250;0;620;1360;12306724;0
424;250;0;619;1360;12306731;0
425;249;0;619;1360;12306738;0
426;249;0;622;1360;12306745;0
427;249;0;622;1360;12306752;0
428;249;0;625;1360;12306759;0
429;249;0;627;1360;12306766;0
430;249;0;627;1360;12306773;0
431;249;0;629;1360;12306780;0
432;249;0;632;1360;12306787;0
433;249;0;632;1380;12306794;0
434;249;0;635;1390;12306801;0
435;249;0;636;1380;12306808;0
436;249;0;638;1360;12306815;0
437;249;0;644;1360;12306822;0
439;249;0;646;1360;12306829;0
440;249;0;648;1380;12306836;0
441;249;0;649;1390;12306843;0
442;248;0;651;1380;12306850;0
443;248;0;654;1350;12306857;0
444;248;0;654;1350;12306864;0
446;248;0;654;1350;12306871;0
447;247;0;657;1360;12306878;0
448;247;0;658;1380;12306886;0
449;247;0;658;1360;12306893;0
450;247;0;658;1360;12306900;0
452;246;0;657;1380;12306907;0
453;246;0;660;1380;12306914;0
454;246;0;660;1390;12306921;0
456;245;0;661;1390;12306928;0
457;245;0;663;1390;12306935;0
458;244;0;666;1400;12306942;0
460;244;0;665;1400;12306949;0
461;244;0;667;1400;12306956;0
462;243;0;668;1400;12306963;0
464;243;0;669;1420;12306970;0
465;242;0;671;1420;12306977;0
466;242;0;674;1400;12306984;0
468;242;0;674;1400;12306991;0
469;241;0;675;1420;12306998;0
470;241;0;676;1400;12307005;0
471;240;0;678;1430;12307012;0
472;240;0;678;1430;12307019;0
472;240;0;680;1430;12307026;0
473;239;0;682;1430;12307033;0
474;239;0;681;1430;12307040;0
475;239;0;683;1430;12307047;0
476;238;0;683;1430;12307054;0
477;238;0;684;1430;12307061;0
478;237;0;686;1430;12307069;0
480;237;0;688;1440;12307076;0
481;236;0;690;1440;12307083;0
482;236;0;691;1440;12307090;0
482;236;0;694;1440;12307097;0
483;235;0;699;1440;12307104;0
483;235;0;702;1440;12307111;0
484;234;0;707;1440;12307118;0
484;234;0;708;1430;12307125;0
485;234;0;711;1440;12307132;0
485;233;0;713;1440;12307139;0
486;233;0;715;1440;12307146;0
486;232;0;717;1440;12307153;0
486;232;0;718;1440;12307160;0
487;231;0;718;1440;12307167;0
487;231;0;720;1450;12307174;0
488;230;0;720;1450;12307181;0
489;230;0;720;1470;12307188;0
489;229;0;723;1470;12307195;0
490;228;0;720;1470;12307202;0
491;228;0;720;1490;12307209;0
491;227;0;721;1500;12307216;0
492;227;0;721;1510;12307223;0
493;226;0;723;1510;12307230;0
493;225;0;726;1510;12307237;0
494;225;0;727;1510;12307244;0
494;224;0;731;1510;12307251;0
495;223;0;730;1510;12307259;0
495;223;0;732;1520;12307266;0
495;222;0;733;1520;12307273;0
495;221;0;739;1510;12307280;0
496;221;0;736;1510;12307287;0
496;220;0;738;1510;12307294;0
496;219;0;739;1510;12307301;0
497;218;0;738;1510;12307308;0
497;218;0;738;1510;12307315;0
498;217;0;738;1510;12307322;0
498;216;0;738;1530;12307329;0
499;216;0;738;1510;12307336;0
499;215;0;738;1510;12307343;0
500;214;0;739;1520;12307350;0
500;214;0;736;1520;12307357;0
501;213;0;736;1520;12307364;0
501;212;0;736;1520;12307371;0
502;212;0;736;1510;12307378;0
502;211;0;738;1510;12307385;0
503;210;0;736;1520;12307392;0
504;210;0;736;1520;12307399;0
504;209;0;739;1520;12307406;0
505;208;0;738;1530;12307413;0
505;208;0;739;1530;12307420;0
505;207;0;742;1530;12307427;0
506;207;0;739;1530;12307434;0
506;206;0;732;1530;12307442;0
506;205;0;740;1530;12307449;0
507;205;0;740;1530;12307456;0
507;204;0;740;1530;12307463;0
507;203;0;732;1530;12307470;0
508;202;0;739;1530;12307477;0
509;201;0;739;1530;12307484;0
510;201;0;738;1530;12307491;0
511;200;0;739;1540;12307498;0
512;199;0;739;1560;12307505;0
512;198;0;739;1530;12307512;0
513;197;0;741;1530;12307519;0
513;196;0;724;1490;12307526;0
513;195;0;747;1480;12307533;0
513;194;0;748;1490;12307540;0
514;193;0;749;1480;12307547;0
514;193;0;751;1490;12307554;0
514;192;0;751;1490;12307561;0
514;191;0;751;1490;12307568;0
514;190;0;751;1480;12307575;0
514;189;0;754;1480;12307582;0
514;188;0;754;1490;12307589;0
514;187;0;754;1500;12307596;0
514;186;0;754;1490;12307603;0
514;186;0;757;1490;12307610;0
513;185;0;754;1490;12307617;0
513;184;0;757;1490;12307625;0
513;183;0;756;1500;12307632;0
512;182;0;756;1490;12307639;0
512;181;0;757;1510;12307646;0
512;180;0;757;1510;12307653;0
511;179;0;759;1510;12307660;0
510;179;0;757;1520;12307667;0
510;178;0;759;1520;12307674;0
509;177;0;760;1520;12307681;0
509;176;0;760;1510;12307688;0
508;174;0;757;1510;12307695;0
508;173;0;759;1510;12307702;0
507;172;0;759;1500;12307709;0
506;171;0;759;1510;12307716;0
505;170;0;759;1510;12307723;0
505;169;0;757;1520;12307730;0
504;167;0;757;1530;12307737;0
503;166;0;759;1530;12307744;0
502;165;0;757;1530;12307751;0
500;163;0;759;1510;12307758;0
499;162;0;759;1510;12307765;0
498;161;0;757;1510;12307772;0
496;159;0;757;1500;12307779;0
495;158;0;754;1510;12307786;0
493;157;0;754;1480;12307793;0
492;155;0;754;1480;12307800;0
490;154;0;759;1480;12307807;0
489;153;0;754;1500;12307815;0
487;151;0;752;1500;12307822;0
486;150;0;755;1500;12307829;0
484;149;0;753;1510;12307836;0
482;147;0;754;1510;12307843;0
480;146;0;753;1520;12307850;0
478;145;0;752;1510;12307857;0
476;144;0;752;1490;12307864;0
473;143;0;753;1460;12307871;0
471;142;0;753;1450;12307878;0
469;141;0;753;1440;12307885;0
468;140;0;751;1440;12307892;0
466;139;0;751;1450;12307899;0
465;138;0;751;1440;12307906;0
464;137;0;756;1460;12307913;0
463;136;0;751;1450;12307920;0
462;136;0;751;1460;12307927;0
460;135;0;751;1460;12307934;0
459;134;0;751;1460;12307941;0
458;133;0;751;1460;12307948;0
457;132;0;751;1470;12307955;0
455;131;0;751;1470;12307962;0
454;131;0;751;1470;12307969;0
452;130;0;751;1470;12307976;0
451;129;0;750;1470;12307983;0
449;129;0;751;1460;12307990;0
447;128;0;749;1460;12307998;0
445;127;0;750;1470;12308005;0
443;127;0;750;1470;12308012;0
441;126;0;749;1470;12308019;0
439;126;0;748;1470;12308026;0
437;125;0;749;1470;12308033;0
435;125;0;750;1480;12308040;0
433;124;0;748;1470;12308047;0
431;123;0;749;1480;12308054;0
429;123;0;749;1480;12308061;0
428;122;0;749;1480;12308068;0
426;121;0;750;1490;12308075;0
425;121;0;748;1490;12308082;0
423;120;0;748;1490;12308089;0
421;119;0;748;1500;12308096;0
420;118;0;748;1500;12308103;0
418;118;0;752;1500;12308110;0
416;117;0;747;1500;12308117;0
414;116;0;748;1480;12308124;0
413;115;0;748;1480;12308131;0
411;115;0;748;1490;12308138;0
409;114;0;748;1500;12308145;0
407;113;0;748;1500;12308152;0
405;113;0;747;1500;12308159;0
403;112;0;747;1490;12308166;0
401;112;0;748;1480;12308173;0
398;111;0;748;1480;12308181;0
396;110;0;747;1450;12308188;0
393;110;0;746;1450;12308195;0
391;109;0;746;1450;12308202;0
389;109;0;749;1450;12308209;0
386;109;0;746;1450;12308216;0
384;108;0;746;1460;12308223;0
382;108;0;748;1450;12308230;0
379;108;0;745;1450;12308237;0
377;108;0;745;1440;12308244;0
375;108;0;745;1430;12308251;0
372;107;0;744;1430;12308258;0
370;107;0;745;1430;12308265;0
368;107;0;745;1430;12308272;0
366;107;0;745;1440;12308279;0
363;107;0;745;1440;12308286;0
361;107;0;745;1420;12308293;0
359;107;0;743;1430;12308300;0
357;107;0;744;1400;12308307;0
355;107;0;744;1390;12308314;0
353;107;0;744;1390;12308321;0
351;108;0;744;1390;12308328;0
349;108;0;743;1390;12308335;0
347;108;0;744;1400;12308342;0
344;108;0;742;1420;12308349;0
342;109;0;744;1400;12308356;0
340;109;0;744;1400;12308363;0
338;109;0;744;1420;12308371;0
336;110;0;743;1390;12308378;0
334;110;0;744;1380;12308385;0
332;110;0;744;1370;12308392;0
330;111;0;745;1360;12308399;0
327;111;0;744;1360;12308406;0
325;111;0;742;1360;12308413;0
323;111;0;745;1350;12308420;0
321;112;0;747;1360;12308427;0
318;112;0;745;1360;12308434;0
316;112;0;745;1350;12308441;0
314;113;0;744;1350;12308448;0
312;113;0;746;1330;12308455;0
310;113;0;745;1320;12308462;0
308;114;0;745;1320;12308469;0
306;114;0;744;1320;12308476;0
304;115;0;745;1320;12308483;0
301;115;0;745;1310;12308490;0
299;116;0;745;1320;12308497;0
296;116;0;745;1300;12308504;0
293;117;0;745;1300;12308511;0
291;118;0;746;1290;12308518;0
288;118;0;745;1280;12308525;0
285;119;0;745;1300;12308532;0
283;120;0;745;1290;12308539;0
280;120;0;745;1290;12308546;0
278;121;0;746;1290;12308554;0
276;122;0;747;1280;12308561;0
274;122;0;746;1280;12308568;0
272;123;0;745;1280;12308575;0
271;124;0;745;1270;12308582;0
269;125;0;745;1270;12308589;0
268;125;0;749;1260;12308596;0
267;126;0;745;1250;12308603;0
266;127;0;745;1240;12308610;0
265;128;0;745;1240;12308617;0
263;129;0;745;1240;12308624;0
262;130;0;746;1230;12308631;0
260;131;0;745;1220;12308638;0
258;132;0;745;1200;12308645;0
256;133;0;745;1180;12308652;0
254;134;0;746;1180;12308659;0
252;136;0;750;1150;12308666;0
250;137;0;746;1150;12308673;0
249;138;0;746;1150;12308680;0
247;139;0;746;1150;12308687;0
245;140;0;746;1160;12308694;0
244;142;0;746;1170;12308701;0
242;143;0;746;1160;12308708;0
241;144;0;747;1160;12308715;0
239;145;0;745;1170;12308722;0
238;146;0;745;1150;12308729;0
237;147;0;747;1150;12308737;0
236;148;0;747;1160;12308744;0
235;149;0;745;1160;12308751;0
234;150;0;746;1170;12308758;0
232;152;0;747;1170;12308765;0
231;153;0;750;1160;12308772;0
230;154;0;748;1160;12308779;0
228;155;0;750;1170;12308786;0
227;156;0;747;1180;12308793;0
225;157;0;746;1190;12308800;0
223;158;0;747;1200;12308807;0
221;159;0;748;1210;12308814;0
220;160;0;746;1220;12308821;0
218;161;0;748;1220;12308828;0
217;162;0;747;1240;12308835;0
216;163;0;746;1250;12308842;0
214;164;0;748;1250;12308849;0
213;165;0;745;1260;12308856;0
212;166;0;748;1240;12308863;0
211;167;0;747;1220;12308870;0
210;167;0;746;1200;12308877;0
210;168;0;748;1190;12308884;0
209;169;0;745;1200;12308891;0
208;170;0;745;1210;12308898;0
207;171;0;746;1230;12308905;0
206;172;0;745;1220;12308912;0
206;172;0;746;1230;12308919;0
205;173;0;746;1230;12308927;0
204;174;0;745;1230;12308934;0
204;175;0;745;1230;12308941;0
202;176;0;748;1240;12308948;0
201;177;0;750;1240;12308955;0
201;178;0;746;1250;12308962;0
200;179;0;746;1270;12308969;0
200;179;0;748;1270;12308976;0
199;180;0;744;1280;12308983;0
198;181;0;745;1270;12308990;0
198;182;0;745;1270;12308997;0
197;183;0;745;1270;12309004;0
197;184;0;744;1280;12309011;0
197;185;0;745;1290;12309018;0
196;186;0;742;1290;12309025;0
196;188;0;744;1290;12309032;0
195;189;0;744;1280;12309039;0
194;190;0;742;1270;12309046;0
193;191;0;743;1250;12309053;0
193;192;0;742;1250;12309060;0
192;194;0;742;1250;12309067;0
191;195;0;742;1250;12309074;0
190;196;0;742;1230;12309081;0
190;198;0;741;1220;12309088;0
189;199;0;747;1190;12309095;0
188;200;0;723;1180;12309102;0
188;201;0;740;1180;12309110;0
188;201;0;739;1170;12309117;0
188;202;0;732;1180;12309124;0
188;203;0;732;1180;12309131;0
188;204;0;732;1190;12309138;0
189;205;0;731;1200;12309145;0
189;206;0;730;1190;12309152;0
189;207;0;732;1200;12309159;0
190;208;0;731;1200;12309166;0
190;209;0;729;1200;12309173;0
190;210;0;732;1200;12309180;0
190;211;0;732;1200;12309187;0
190;212;0;732;1200;12309194;0
190;213;0;730;1220;12309201;0
190;214;0;731;1220;12309208;0
190;215;0;732;1220;12309215;0
190;216;0;732;1250;12309222;0
190;217;0;732;1240;12309229;0
190;218;0;732;1240;12309236;0
190;219;0;730;1240;12309243;0
191;220;0;731;1230;12309250;0
192;221;0;731;1230;12309257;0
192;222;0;732;1240;12309264;0
193;223;0;732;1240;12309271;0
193;224;0;730;1230;12309278;0
194;225;0;731;1230;12309285;0
194;226;0;735;1220;12309293;0
195;227;0;734;1210;12309300;0
196;228;0;732;1200;12309307;0
196;230;0;732;1190;12309314;0
197;231;0;735;1200;12309321;0
197;232;0;732;1210;12309328;0
197;234;0;732;1210;12309335;0
198;235;0;732;1190;12309342;0
198;237;0;732;1170;12309349;0
199;238;0;732;1170;12309356;0
200;240;0;732;1160;12309363;0
201;241;0;732;1170;12309370;0
202;243;0;733;1200;12309377;0
203;244;0;735;1220;12309384;0
204;245;0;732;1250;12309391;0
206;247;0;732;1230;12309398;0
207;248;0;732;1200;12309405;0
208;249;0;732;1170;12309412;0
209;251;0;730;1140;12309419;0
210;252;0;734;1180;12309426;0
211;253;0;732;1190;12309433;0
212;255;0;732;1230;12309440;0
213;256;0;731;1270;12309447;0
214;257;0;730;1270;12309454;0
215;259;0;730;1270;12309461;0
215;260;0;735;1270;12309468;0
216;262;0;731;1260;12309475;0
217;263;0;731;1260;12309483;0
218;264;0;731;1270;12309490;0
218;265;0;729;1260;12309497;0
219;267;0;729;1270;12309504;0
220;268;0;729;1290;12309511;0
221;269;0;729;1280;12309518;0
222;270;0;729;1290;12309525;0
223;271;0;729;1290;12309532;0
225;272;0;729;1280;12309539;0
226;273;0;729;1280;12309546;0
227;274;0;729;1270;12309553;0
229;275;0;728;1280;12309560;0
230;276;0;729;1280;12309567;0
231;277;0;730;1290;12309574;0
232;277;0;729;1280;12309581;0
233;278;0;729;1280;12309588;0
234;279;0;729;1280;12309595;0
235;280;0;730;1280;12309602;0
236;281;0;729;1270;12309609;0
237;282;0;729;1270;12309616;0
238;283;0;729;1280;12309623;0
239;284;0;730;1280;12309630;0
240;285;0;729;1280;12309637;0
241;285;0;729;1280;12309644;0
242;286;0;728;1280;12309651;0
243;287;0;729;1270;12309658;0
244;288;0;729;1260;12309666;0
245;289;0;729;1250;12309673;0
246;290;0;727;1240;12309680;0
248;291;0;732;1260;12309687;0
249;292;0;729;1260;12309694;0
251;293;0;729;1260;12309701;0
252;294;0;729;1270;12309708;0
253;295;0;730;1250;12309715;0
255;296;0;729;1240;12309722;0
257;297;0;733;1220;12309729;0
259;298;0;730;1210;12309736;0
261;299;0;729;1200;12309743;0
263;299;0;733;1200;12309750;0
265;300;0;729;1200;12309757;0
267;301;0;731;1210;12309764;0
270;302;0;731;1210;12309771;0
272;303;0;730;1220;12309778;0
275;304;0;730;1230;12309785;0
277;305;0;731;1240;12309792;0
280;306;0;731;1240;12309799;0
282;306;0;730;1250;12309806;0
285;307;0;732;1270;12309813;0
288;308;0;734;1260;12309820;0
291;309;0;732;1260;12309827;0
294;310;0;732;1270;12309834;0
297;310;0;732;1270;12309841;0
301;311;0;732;1280;12309849;0
304;312;0;732;1280;12309856;0
307;312;0;732;1290;12309863;0
310;313;0;732;1290;12309870;0
313;313;0;732;1290;12309877;0
316;314;0;735;1300;12309884;0
318;315;0;735;1320;12309891;0
321;315;0;732;1310;12309898;0
323;316;0;736;1320;12309905;0
325;316;0;735;1330;12309912;0
327;317;0;733;1330;12309919;0
330;317;0;736;1350;12309926;0
331;318;0;734;1350;12309933;0
333;318;0;733;1340;12309940;0
335;318;0;733;1350;12309947;0
337;319;0;733;1340;12309954;0
339;319;0;739;1340;12309961;0
340;319;0;734;1340;12309968;0
342;319;0;734;1340;12309975;0
344;320;0;734;1340;12309982;0
346;320;0;734;1350;12309989;0
347;320;0;735;1340;12309996;0
349;320;0;734;1330;12310003;0
350;320;0;736;1340;12310010;0
352;321;0;735;1340;12310017;0
353;321;0;736;1340;12310024;0
355;321;0;738;1340;12310032;0
356;321;0;739;1350;12310039;0
358;321;0;736;1360;12310046;0
359;321;0;738;1360;12310053;0
361;321;0;729;1370;12310060;0
363;321;0;736;1370;12310067;0
364;321;0;738;1360;12310074;0
366;321;0;736;1370;12310081;0
367;321;0;739;1390;12310088;0
369;321;0;738;1370;12310095;0
370;321;0;736;1390;12310102;0
372;321;0;739;1390;12310109;0
374;321;0;741;1370;12310116;0
375;321;0;739;1370;12310123;0
377;321;0;738;1370;12310130;0
379;321;0;738;1370;12310137;0
381;321;0;739;1400;12310144;0
383;321;0;739;1400;12310151;0
385;321;0;736;1410;12310158;0
387;321;0;739;1410;12310165;0
389;321;0;738;1400;12310172;0
391;322;0;741;1400;12310179;0
394;322;0;738;1400;12310186;0
396;322;0;738;1420;12310193;0
398;322;0;738;1420;12310200;0
401;322;0;742;1430;12310207;0
402;322;0;738;1440;12310214;0
404;323;0;739;1440;12310222;0
406;323;0;739;1440;12310229;0
407;323;0;739;1440;12310236;0
408;323;0;739;1440;12310243;0
410;323;0;739;1450;12310250;0
411;323;0;738;1450;12310257;0
412;323;0;739;1450;12310264;0
414;323;0;739;1450;12310271;0
415;323;0;739;1440;12310278;0
417;324;0;739;1440;12310285;0
418;324;0;738;1450;12310292;0
420;324;0;736;1450;12310299;0
422;324;0;739;1460;12310306;0
423;324;0;739;1460;12310313;0
425;324;0;739;1460;12310320;0
427;324;0;739;1460;12310327;0
429;324;0;740;1460;12310334;0
430;324;0;740;1450;12310341;0
432;324;0;740;1450;12310348;0
433;324;0;741;1450;12310355;0
435;324;0;741;1450;12310362;0
437;324;0;742;1450;12310369;0
438;323;0;741;1450;12310376;0
440;323;0;742;1450;12310383;0
442;323;0;746;1460;12310390;0
444;323;0;743;1460;12310397;0
446;322;0;745;1470;12310405;0
448;322;0;743;1470;12310412;0
451;322;0;744;1460;12310419;0
453;321;0;742;1460;12310426;0
456;321;0;744;1490;12310433;0
459;321;0;743;1480;12310440;0
461;321;0;743;1500;12310447;0
464;320;0;743;1500;12310454;0
467;320;0;745;1500;12310461;0
470;320;0;743;1500;12310468;0
473;319;0;744;1500;12310475;0
477;319;0;745;1510;12310482;0
480;319;0;745;1510;12310489;0
483;318;0;745;1520;12310496;0
486;318;0;748;1520;12310503;0
489;318;0;745;1530;12310510;0
492;317;0;749;1540;12310517;0
494;317;0;749;1530;12310524;0
497;316;0;739;1520;12310531;0
500;316;0;747;1520;12310538;0
503;315;0;745;1520;12310545;0
506;315;0;745;1530;12310552;0
509;314;0;745;1530;12310559;0
513;314;0;745;1530;12310566;0
516;313;0;745;1530;12310573;0
519;313;0;746;1530;12310580;0
522;312;0;746;1530;12310588;0
526;312;0;746;1530;12310595;0
529;311;0;747;1530;12310602;0
532;311;0;746;1530;12310609;0
534;311;0;746;1530;12310616;0
537;310;0;747;1530;12310623;0
539;310;0;748;1530;12310630;0
541;309;0;748;1530;12310637;0
543;309;0;748;1540;12310644;0
545;308;0;748;1540;12310651;0
546;308;0;751;1520;12310658;0
548;307;0;751;1520;12310665;0
549;307;0;751;1520;12310672;0
551;307;0;752;1530;12310679;0
552;306;0;754;1540;12310686;0
554;305;0;754;1540;12310693;0
555;305;0;752;1550;12310700;0
557;304;0;753;1550;12310707;0
559;304;0;753;1550;12310714;0
561;303;0;752;1570;12310721;0
563;303;0;754;1570;12310728;0
564;302;0;756;1570;12310735;0
565;301;0;753;1570;12310742;0
567;301;0;754;1570;12310749;0
568;300;0;756;1570;12310756;0
569;300;0;756;1570;12310763;0
570;299;0;757;1570;12310770;0
571;298;0;757;1590;12310778;0
571;298;0;760;1580;12310785;0
572;297;0;760;1580;12310792;0
573;296;0;760;1580;12310799;0
574;295;0;762;1580;12310806;0
575;294;0;759;1570;12310813;0
576;293;0;759;1570;12310820;0
577;292;0;759;1560;12310827;0
578;291;0;759;1530;12310834;0
579;290;0;760;1560;12310841;0
580;289;0;761;1540;12310848;0
581;288;0;760;1520;12310855;0
582;287;0;760;1510;12310862;0
583;286;0;760;1490;12310869;0
584;285;0;763;1490;12310876;0
584;284;0;762;1490;12310883;0
585;283;0;763;1480;12310890;0
586;282;0;762;1510;12310897;0
587;280;0;763;1510;12310904;0
588;279;0;763;1520;12310911;0
589;278;0;761;1520;12310918;0
590;276;0;763;1520;12310925;0
591;275;0;763;1520;12310932;0
592;274;0;763;1530;12310939;0
592;273;0;762;1530;12310946;0
593;271;0;763;1530;12310953;0
595;270;0;763;1540;12310961;0
596;268;0;763;1540;12310968;0
597;266;0;763;1540;12310975;0
598;265;0;763;1540;12310982;0
599;263;0;763;1540;12310989;0
600;262;0;763;1540;12310996;0
602;260;0;763;1530;12311003;0
603;258;0;765;1530;12311010;0
604;257;0;764;1530;12311017;0
605;255;0;767;1530;12311024;0
606;253;0;764;1530;12311031;0
608;252;0;763;1530;12311038;0
609;250;0;767;1540;12311045;0
610;249;0;763;1540;12311052;0
610;247;0;767;1550;12311059;0
611;245;0;764;1550;12311066;0
612;244;0;764;1550;12311073;0
613;242;0;765;1550;12311080;0
614;240;0;767;1550;12311087;0
614;239;0;763;1550;12311094;0
615;237;0;765;1550;12311101;0
615;236;0;765;1550;12311108;0
615;235;0;767;1560;12311115;0
616;233;0;767;1560;12311122;0
616;232;0;767;1560;12311129;0
616;231;0;767;1570;12311136;0
616;230;0;772;1570;12311144;0
616;228;0;767;1570;12311151;0
617;227;0;767;1580;12311158;0
617;226;0;767;1580;12311165;0
617;225;0;769;1580;12311172;0
617;224;0;767;1580;12311179;0
617;223;0;767;1580;12311186;0
617;223;0;771;1580;12311193;0
617;222;0;767;1580;12311200;0
617;221;0;767;1580;12311207;0
618;220;0;767;1600;12311214;0
618;219;0;770;1580;12311221;0
618;218;0;767;1580;12311228;0
618;217;0;768;1600;12311235;0
618;216;0;767;1580;12311242;0
618;215;0;767;1600;12311249;0
618;214;0;767;1600;12311256;0
618;213;0;767;1600;12311263;0
619;212;0;767;1600;12311270;0
619;211;0;768;1600;12311277;0
620;210;0;768;1580;12311284;0
620;209;0;767;1580;12311291;0
620;208;0;768;1600;12311298;0
621;207;0;767;1600;12311305;0
621;206;0;772;1590;12311312;0
621;205;0;771;1590;12311319;0
622;204;0;768;1600;12311326;0
622;203;0;767;1600;12311334;0
622;202;0;767;1580;12311341;0
622;201;0;768;1580;12311348;0
622;200;0;768;1580;12311355;0
623;199;0;768;1600;12311362;0
623;197;0;768;1580;12311369;0
624;196;0;768;1570;12311376;0
624;195;0;751;1570;12311383;0
625;193;0;775;1560;12311390;0
626;192;0;776;1550;12311397;0
626;191;0;776;1550;12311404;0
627;189;0;777;1550;12311411;0
627;188;0;780;1540;12311418;0
627;186;0;779;1540;12311425;0
627;185;0;780;1560;12311432;0
627;183;0;781;1560;12311439;0
628;181;0;783;1560;12311446;0
628;180;0;783;1570;12311453;0
628;178;0;782;1570;12311460;0
628;177;0;783;1570;12311467;0
628;175;0;783;1580;12311474;0
628;174;0;787;1580;12311481;0
628;172;0;785;1570;12311488;0
627;171;0;785;1580;12311495;0
627;169;0;785;1560;12311502;0
626;168;0;785;1560;12311509;0
626;166;0;786;1580;12311517;0
626;165;0;785;1560;12311524;0
625;163;0;786;1550;12311531;0
624;162;0;785;1550;12311538;0
623;160;0;785;1550;12311545;0
622;159;0;786;1540;12311552;0
622;157;0;787;1540;12311559;0
621;156;0;787;1550;12311566;0
620;155;0;792;1550;12311573;0
619;153;0;785;1560;12311580;0
618;152;0;787;1580;12311587;0
617;151;0;786;1580;12311594;0
616;150;0;786;1580;12311601;0
615;148;0;786;1580;12311608;0
614;147;0;785;1580;12311615;0
613;146;0;785;1570;12311622;0
612;144;0;785;1560;12311629;0
610;143;0;788;1540;12311636;0
609;142;0;786;1520;12311643;0
608;140;0;787;1520;12311650;0
607;139;0;785;1520;12311657;0
605;138;0;785;1520;12311664;0
604;137;0;784;1520;12311671;0
602;135;0;784;1530;12311678;0
600;134;0;785;1520;12311685;0
599;133;0;784;1540;12311692;0
597;132;0;786;1540;12311700;0
596;131;0;782;1530;12311707;0
594;130;0;783;1540;12311714;0
592;129;0;785;1530;12311721;0
590;128;0;782;1530;12311728;0
589;127;0;782;1540;12311735;0
587;126;0;782;1530;12311742;0
586;124;0;783;1540;12311749;0
584;123;0;783;1540;12311756;0
583;122;0;784;1540;12311763;0
581;121;0;788;1530;12311770;0
579;120;0;783;1530;12311777;0
578;119;0;784;1540;12311784;0
576;117;0;783;1580;12311791;0
575;116;0;785;1600;12311798;0
573;115;0;786;1630;12311805;0
572;114;0;782;1630;12311812;0
570;112;0;786;1610;12311819;0
569;111;0;783;1610;12311826;0
567;110;0;784;1610;12311833;0
566;109;0;787;1600;12311840;0
564;108;0;784;1600;12311847;0
562;107;0;785;1600;12311854;0
561;106;0;784;1600;12311861;0
559;104;0;784;1600;12311868;0
558;103;0;783;1600;12311875;0
556;102;0;784;1600;12311882;0
555;101;0;783;1600;12311890;0
553;100;0;784;1600;12311897;0
552;99;0;783;1610;12311904;0
550;98;0;784;1620;12311911;0
548;97;0;783;1610;12311918;0
547;96;0;783;1610;12311925;0
545;95;0;784;1600;12311932;0
543;94;0;783;1580;12311939;0
541;93;0;783;1580;12311946;0
539;92;0;776;1570;12311953;0
537;91;0;782;1570;12311960;0
535;90;0;784;1550;12311967;0
533;89;0;785;1550;12311974;0
530;88;0;782;1550;12311981;0
528;87;0;782;1550;12311988;0
525;87;0;782;1540;12311995;0
523;86;0;784;1550;12312002;0
520;85;0;782;1540;12312009;0
518;84;0;782;1550;12312016;0
515;83;0;783;1540;12312023;0
512;82;0;785;1540;12312030;0
510;82;0;782;1530;12312037;0
508;81;0;787;1530;12312044;0
505;80;0;784;1540;12312051;0
503;79;0;785;1530;12312058;0
500;78;0;785;1530;12312065;0
497;77;0;785;1530;12312073;0
495;76;0;786;1530;12312080;0
492;75;0;785;1520;12312087;0
489;74;0;786;1530;12312094;0
486;73;0;786;1550;12312101;0
483;72;0;786;1570;12312108;0
480;71;0;786;1600;12312115;0
477;70;0;787;1600;12312122;0
474;69;0;788;1600;12312129;0
472;68;0;785;1600;12312136;0
469;67;0;786;1600;12312143;0
466;66;0;788;1600;12312150;0
464;65;0;786;1610;12312157;0
461;64;0;787;1600;12312164;0
458;63;0;786;1600;12312171;0
455;62;0;786;1620;12312178;0
452;61;0;787;1610;12312185;0
449;60;0;786;1610;12312192;0
445;59;0;787;1610;12312199;0
442;58;0;786;1610;12312206;0
439;58;0;786;1600;12312213;0
436;57;0;785;1610;12312220;0
433;56;0;788;1610;12312227;0
430;55;0;786;1620;12312234;0
427;55;0;787;1620;12312241;0
423;54;0;786;1630;12312248;0
420;54;0;786;1630;12312256;0
417;53;0;786;1620;12312263;0
414;53;0;787;1620;12312270;0
410;52;0;786;1620;12312277;0
406;52;0;787;1620;12312284;0
403;52;0;787;1620;12312291;0
399;51;0;786;1620;12312298;0
395;50;0;787;1610;12312305;0
391;50;0;786;1610;12312312;0
387;50;0;787;1590;12312319;0
383;49;0;786;1580;12312326;0
379;49;0;787;1590;12312333;0
375;48;0;787;1570;12312340;0
371;48;0;788;1560;12312347;0
367;47;0;788;1530;12312354;0
363;47;0;782;1490;12312361;0
358;46;0;797;1460;12312368;0
354;46;0;782;1430;12312375;0
349;45;0;795;1400;12312382;0
345;45;0;795;1370;12312389;0
341;44;0;794;1360;12312396;0
336;44;0;794;1360;12312403;0
332;44;0;795;1360;12312410;0
328;44;0;795;1340;12312417;0
324;44;0;800;1320;12312424;0
319;43;0;794;1320;12312431;0
315;43;0;795;1300;12312438;0
310;43;0;800;1400;12312446;0
305;43;0;796;1460;12312453;0
301;43;0;788;1540;12312460;0
296;43;0;799;1590;12312467;0
292;43;0;795;1590;12312474;0
288;44;0;797;1600;12312481;0
284;44;0;799;1600;12312488;0
280;44;0;794;1620;12312495;0
276;45;0;794;1610;12312502;0
272;46;0;792;1600;12312509;0
268;46;0;792;1580;12312516;0
264;47;0;795;1550;12312523;0
260;48;0;782;1510;12312530;0
256;49;0;792;1450;12312537;0
252;50;0;785;1440;12312544;0
249;51;0;782;1420;12312551;0
246;52;0;785;1400;12312558;0
244;53;0;783;1410;12312565;0
242;54;0;784;1390;12312572;0
239;55;0;783;1390;12312579;0
237;56;0;781;1390;12312586;0
235;57;0;782;1370;12312593;0
233;58;0;782;1360;12312600;0
231;59;0;784;1350;12312607;0
229;61;0;779;1340;12312614;0
227;62;0;779;1340;12312621;0
225;63;0;779;1330;12312629;0
223;64;0;779;1310;12312636;0
222;65;0;780;1310;12312643;0
220;66;0;781;1300;12312650;0
218;68;0;779;1310;12312657;0
216;69;0;779;1380;12312664;0
214;70;0;780;1440;12312671;0
212;71;0;781;1470;12312678;0
210;72;0;780;1530;12312685;0
208;73;0;782;1510;12312692;0
206;75;0;781;1500;12312699;0
203;76;0;782;1490;12312706;0
201;77;0;785;1470;12312713;0
199;78;0;783;1490;12312720;0
196;80;0;783;1470;12312727;0
194;81;0;785;1460;12312734;0
192;82;0;784;1450;12312741;0
189;84;0;787;1430;12312748;0
187;85;0;784;1430;12312755;0
184;86;0;785;1410;12312762;0
182;88;0;785;1410;12312769;0
180;89;0;785;1410;12312776;0
178;90;0;789;1400;12312783;0
177;91;0;786;1400;12312790;0
176;92;0;786;1410;12312797;0
174;93;0;788;1450;12312804;0
172;94;0;788;1480;12312812;0
169;95;0;788;1500;12312819;0
167;96;0;788;1490;12312826;0
164;98;0;790;1440;12312833;0
161;99;0;788;1400;12312840;0
159;100;0;789;1370;12312847;0
156;101;0;792;1350;12312854;0
154;102;0;793;1340;12312861;0
152;103;0;792;1340;12312868;0
149;104;0;790;1370;12312875;0
147;106;0;793;1380;12312882;0
145;107;0;792;1410;12312889;0
142;108;0;794;1420;12312896;0
140;109;0;792;1410;12312903;0
137;110;0;792;1410;12312910;0
135;112;0;794;1380;12312917;0
132;113;0;792;1370;12312924;0
130;114;0;792;1350;12312931;0
128;116;0;794;1340;12312938;0
126;117;0;794;1330;12312945;0
124;119;0;794;1320;12312952;0
122;120;0;794;1310;12312959;0
120;122;0;794;1300;12312966;0
118;124;0;796;1290;12312973;0
116;125;0;794;1270;12312980;0
114;127;0;794;1240;12312987;0
112;129;0;796;1240;12312994;0
110;131;0;794;1240;12313002;0
108;133;0;795;1250;12313009;0
107;135;0;795;1270;12313016;0
105;137;0;794;1250;12313023;0
104;139;0;795;1220;12313030;0
103;141;0;797;1220;12313037;0
102;143;0;794;1230;12313044;0
101;145;0;798;1260;12313051;0
100;147;0;796;1280;12313058;0
99;149;0;794;1340;12313065;0
98;151;0;794;1330;12313072;0
98;153;0;796;1330;12313079;0
96;155;0;794;1330;12313086;0
95;157;0;794;1320;12313093;0
94;159;0;794;1340;12313100;0
93;162;0;794;1330;12313107;0
91;164;0;793;1320;12313114;0
90;166;0;793;1310;12313121;0
89;168;0;792;1280;12313128;0
88;170;0;792;1280;12313135;0
87;172;0;794;1260;12313142;0
85;174;0;792;1260;12313149;0
84;177;0;792;1250;12313156;0
83;179;0;792;1230;12313163;0
82;181;0;789;1230;12313170;0
81;183;0;789;1240;12313177;0
80;185;0;790;1280;12313185;0
79;187;0;790;1290;12313192;0
78;189;0;788;1300;12313199;0
77;190;0;788;1300;12313206;0
77;192;0;786;1270;12313213;0
76;194;0;785;1290;12313220;0
75;196;0;785;1280;12313227;0
74;197;0;788;1290;12313234;0
73;199;0;778;1300;12313241;0
73;201;0;780;1290;12313248;0
72;202;0;779;1300;12313255;0
71;203;0;779;1300;12313262;0
70;205;0;779;1300;12313269;0
70;206;0;779;1290;12313276;0
69;208;0;779;1280;12313283;0
68;209;0;779;1280;12313290;0
67;210;0;779;1280;12313297;0
67;212;0;777;1290;12313304;0
66;213;0;779;1280;12313311;0
66;214;0;776;1280;12313318;0
66;216;0;779;1280;12313325;0
65;217;0;776;1290;12313332;0
65;218;0;776;1280;12313339;0
65;220;0;776;1280;12313346;0
65;221;0;776;1290;12313353;0
65;223;0;775;1280;12313360;0
65;224;0;776;1290;12313368;0
65;226;0;775;1290;12313375;0
65;227;0;776;1290;12313382;0
65;228;0;774;1270;12313389;0
65;230;0;775;1260;12313396;0
65;231;0;775;1260;12313403;0
65;233;0;776;1260;12313410;0
66;234;0;775;1280;12313417;0
66;236;0;776;1280;12313424;0
66;238;0;776;1280;12313431;0
66;239;0;774;1270;12313438;0
66;241;0;776;1260;12313445;0
66;243;0;776;1250;12313452;0
66;245;0;774;1240;12313459;0
66;247;0;775;1250;12313466;0
67;249;0;774;1250;12313473;0
67;251;0;774;1240;12313480;0
68;252;0;775;1240;12313487;0
70;254;0;773;1250;12313494;0
71;256;0;773;1250;12313501;0
73;258;0;773;1260;12313508;0
74;260;0;774;1290;12313515;0
76;262;0;773;1290;12313522;0
78;264;0;773;1310;12313529;0
80;266;0;774;1310;12313536;0
82;268;0;773;1320;12313543;0
84;270;0;772;1310;12313551;0
86;272;0;772;1310;12313558;0
88;274;0;773;1320;12313565;0
89;276;0;773;1330;12313572;0
91;278;0;773;1330;12313579;0
93;280;0;773;1340;12313586;0
95;282;0;774;1350;12313593;0
97;284;0;773;1330;12313600;0
98;286;0;773;1330;12313607;0
101;288;0;774;1330;12313614;0
103;289;0;774;1330;12313621;0
106;291;0;773;1340;12313628;0
108;292;0;775;1340;12313635;0
111;294;0;773;1320;12313642;0
113;295;0;778;1310;12313649;0
115;296;0;774;1270;12313656;0
118;297;0;774;1270;12313663;0
121;299;0;775;1280;12313670;0
124;300;0;776;1300;12313677;0
126;301;0;774;1330;12313684;0
129;302;0;778;1340;12313691;0
132;303;0;775;1320;12313698;0
135;304;0;776;1310;12313705;0
138;305;0;775;1280;12313712;0
141;306;0;776;1270;12313719;0
143;308;0;775;1270;12313726;0
146;309;0;778;1260;12313733;0
149;310;0;777;1280;12313741;0
152;311;0;775;1320;12313748;0
154;312;0;776;1340;12313755;0
157;313;0;775;1360;12313762;0
159;314;0;775;1370;12313769;0
162;315;0;776;1370;12313776;0
163;316;0;775;1370;12313783;0
165;317;0;778;1370;12313790;0
167;318;0;776;1360;12313797;0
168;320;0;776;1340;12313804;0
170;321;0;776;1330;12313811;0
172;322;0;777;1320;12313818;0
173;323;0;775;1310;12313825;0
175;324;0;776;1310;12313832;0
176;325;0;776;1310;12313839;0
178;327;0;776;1300;12313846;0
180;328;0;776;1320;12313853;0
182;329;0;777;1330;12313860;0
184;330;0;776;1340;12313867;0
185;331;0;776;1330;12313874;0
187;332;0;776;1330;12313881;0
189;333;0;776;1320;12313888;0
190;334;0;776;1320;12313895;0
192;335;0;777;1320;12313902;0
193;336;0;776;1300;12313909;0
195;337;0;776;1290;12313916;0
197;339;0;780;1260;12313924;0
198;339;0;776;1230;12313931;0
200;340;0;776;1210;12313938;0
202;341;0;777;1210;12313945;0
204;342;0;776;1180;12313952;0
206;343;0;777;1180;12313959;0
207;344;0;776;1190;12313966;0
209;345;0;776;1220;12313973;0
211;346;0;777;1250;12313980;0
213;347;0;776;1280;12313987;0
215;348;0;777;1290;12313994;0
217;349;0;778;1270;12314001;0
219;350;0;777;1280;12314008;0
222;351;0;776;1280;12314015;0
224;352;0;778;1280;12314022;0
226;353;0;776;1290;12314029;0
228;355;0;779;1290;12314036;0
230;356;0;777;1290;12314043;0
232;357;0;776;1290;12314050;0
234;358;0;778;1290;12314057;0
236;359;0;778;1290;12314064;0
238;360;0;779;1300;12314071;0
240;362;0;779;1310;12314078;0
243;363;0;779;1300;12314085;0
245;365;0;779;1310;12314092;0
247;366;0;779;1310;12314099;0
250;367;0;779;1320;12314107;0
252;368;0;779;1310;12314114;0
254;370;0;779;1320;12314121;0
257;371;0;780;1310;12314128;0
260;372;0;780;1320;12314135;0
262;373;0;780;1320;12314142;0
265;374;0;780;1320;12314149;0
267;375;0;781;1330;12314156;0
270;376;0;782;1330;12314163;0
272;377;0;785;1340;12314170;0
275;378;0;782;1340;12314177;0
278;379;0;783;1340;12314184;0
281;380;0;783;1360;12314191;0
284;380;0;782;1360;12314198;0
287;381;0;784;1360;12314205;0
290;382;0;787;1350;12314212;0
293;382;0;787;1350;12314219;0
296;383;0;785;1350;12314226;0
300;384;0;785;1330;12314233;0
303;384;0;785;1340;12314240;0
306;384;0;785;1350;12314247;0
309;385;0;785;1340;12314254;0
313;385;0;785;1360;12314261;0
316;385;0;790;1370;12314268;0
319;386;0;787;1380;12314275;0
323;386;0;787;1390;12314282;0
326;387;0;787;1390;12314289;0
329;387;0;788;1370;12314297;0
333;388;0;787;1370;12314304;0
336;388;0;787;1370;12314311;0
340;388;0;788;1370;12314318;0
343;389;0;786;1370;12314325;0
347;389;0;788;1370;12314332;0
351;389;0;788;1370;12314339;0
355;389;0;788;1390;12314346;0
359;390;0;787;1390;12314353;0
363;390;0;788;1390;12314360;0
367;390;0;788;1390;12314367;0
370;391;0;788;1390;12314374;0
374;391;0;788;1390;12314381;0
379;391;0;788;1390;12314388;0
383;391;0;788;1390;12314395;0
387;392;0;788;1400;12314402;0
392;392;0;788;1400;12314409;0
396;392;0;788;1430;12314416;0
401;393;0;788;1460;12314423;0
406;393;0;788;1500;12314430;0
410;393;0;788;1520;12314437;0
415;394;0;788;1530;12314444;0
420;394;0;789;1530;12314451;0
425;394;0;788;1530;12314458;0
430;394;0;789;1530;12314465;0
436;395;0;788;1530;12314472;0
442;395;0;790;1540;12314480;0
448;395;0;792;1540;12314487;0
453;395;0;790;1560;12314494;0
459;395;0;790;1560;12314501;0
465;396;0;789;1570;12314508;0
470;396;0;790;1580;12314515;0
476;396;0;790;1580;12314522;0
482;396;0;790;1580;12314529;0
488;396;0;792;1580;12314536;0
494;397;0;792;1580;12314543;0
499;397;0;790;1580;12314550;0
505;397;0;792;1580;12314557;0
510;397;0;794;1580;12314564;0
515;397;0;790;1580;12314571;0
520;397;0;792;1580;12314578;0
525;397;0;790;1600;12314585;0
531;396;0;792;1600;12314592;0
536;396;0;792;1600;12314599;0
541;396;0;792;1600;12314606;0
547;396;0;792;1610;12314613;0
552;396;0;792;1620;12314620;0
558;395;0;793;1620;12314627;0
564;395;0;797;1630;12314634;0
570;394;0;797;1640;12314641;0
576;394;0;793;1650;12314648;0
581;393;0;793;1640;12314655;0
587;392;0;793;1620;12314663;0
592;392;0;793;1610;12314670;0
597;391;0;793;1600;12314677;0
602;390;0;794;1590;12314684;0
606;389;0;794;1590;12314691;0
611;388;0;794;1600;12314698;0
615;387;0;793;1600;12314705;0
619;386;0;794;1600;12314712;0
624;385;0;794;1600;12314719;0
628;384;0;792;1600;12314726;0
631;383;0;796;1600;12314733;0
636;381;0;794;1620;12314740;0
640;380;0;793;1620;12314747;0
644;378;0;793;1620;12314754;0
648;376;0;792;1640;12314761;0
652;375;0;794;1640;12314768;0
656;373;0;796;1650;12314775;0
660;372;0;797;1660;12314782;0
664;370;0;794;1670;12314789;0
668;368;0;796;1670;12314796;0
672;366;0;792;1680;12314803;0
676;364;0;793;1670;12314810;0
680;363;0;785;1660;12314817;0
683;361;0;793;1660;12314824;0
686;359;0;794;1630;12314831;0
689;357;0;794;1650;12314838;0
692;355;0;792;1630;12314845;0
695;353;0;793;1630;12314853;0
698;351;0;793;1640;12314860;0
701;349;0;793;1620;12314867;0
703;347;0;793;1640;12314874;0
705;345;0;792;1640;12314881;0
707;343;0;793;1630;12314888;0
709;341;0;792;1610;12314895;0
711;339;0;792;1600;12314902;0
712;337;0;792;1590;12314909;0
714;335;0;794;1590;12314916;0
716;333;0;792;1590;12314923;0
717;330;0;792;1600;12314930;0
718;328;0;793;1600;12314937;0
719;326;0;792;1600;12314944;0
720;324;0;792;1610;12314951;0
721;322;0;793;1610;12314958;0
722;320;0;793;1610;12314965;0
723;318;0;793;1610;12314972;0
723;316;0;793;1630;12314979;0
724;314;0;793;1630;12314986;0
725;312;0;793;1630;12314993;0
725;310;0;794;1630;12315000;0
726;308;0;793;1620;12315007;0
727;306;0;792;1620;12315014;0
727;304;0;794;1620;12315021;0
728;303;0;793;1610;12315028;0
728;301;0;793;1630;12315036;0
728;299;0;793;1630;12315043;0
729;298;0;794;1630;12315050;0
729;296;0;797;1630;12315057;0
730;294;0;794;1630;12315064;0
730;292;0;794;1610;12315071;0
731;290;0;794;1590;12315078;0
731;288;0;794;1580;12315085;0
732;287;0;794;1580;12315092;0
733;285;0;793;1580;12315099;0
734;283;0;793;1580;12315106;0
734;282;0;794;1590;12315113;0
735;280;0;793;1590;12315120;0
737;279;0;797;1610;12315127;0
737;277;0;794;1610;12315134;0
738;276;0;792;1610;12315141;0
739;275;0;795;1610;12315148;0
739;273;0;794;1610;12315155;0
740;272;0;797;1610;12315162;0
741;270;0;794;1620;12315169;0
741;269;0;795;1620;12315176;0
742;267;0;797;1610;12315183;0
742;266;0;794;1610;12315190;0
742;265;0;794;1610;12315197;0
743;263;0;794;1630;12315204;0
743;262;0;794;1630;12315211;0
744;260;0;794;1630;12315219;0
744;259;0;796;1630;12315226;0
745;258;0;795;1630;12315233;0
745;256;0;795;1630;12315240;0
745;255;0;795;1630;12315247;0
745;254;0;795;1630;12315254;0
746;253;0;795;1630;12315261;0
746;251;0;794;1630;12315268;0
747;250;0;796;1640;12315275;0
747;249;0;795;1640;12315282;0
747;248;0;795;1640;12315289;0
747;246;0;797;1620;12315296;0
747;245;0;797;1620;12315303;0
747;244;0;797;1610;12315310;0
747;242;0;797;1610;12315317;0
747;241;0;797;1610;12315324;0
747;239;0;797;1620;12315331;0
747;238;0;797;1610;12315338;0
747;237;0;797;1620;12315345;0
747;235;0;797;1620;12315352;0
748;234;0;795;1630;12315359;0
748;233;0;797;1630;12315366;0
748;232;0;797;1620;12315373;0
748;230;0;796;1630;12315380;0
749;229;0;796;1640;12315387;0
749;228;0;796;1640;12315394;0
750;227;0;796;1660;12315401;0
750;226;0;799;1660;12315409;0
750;225;0;797;1660;12315416;0
750;224;0;796;1660;12315423;0
751;222;0;797;1660;12315430;0
751;221;0;797;1670;12315437;0
751;220;0;797;1670;12315444;0
751;219;0;799;1670;12315451;0
752;218;0;797;1670;12315458;0
752;217;0;797;1670;12315465;0
752;216;0;797;1670;12315472;0
752;215;0;797;1670;12315479;0
753;214;0;796;1670;12315486;0
753;213;0;795;1670;12315493;0
753;212;0;796;1670;12315500;0
754;211;0;796;1670;12315507;0
754;210;0;796;1670;12315514;0
755;209;0;797;1670;12315521;0
755;208;0;796;1670;12315528;0
755;207;0;796;1670;12315535;0
756;206;0;796;1680;12315542;0
756;205;0;794;1660;12315549;0
756;204;0;795;1660;12315556;0
756;203;0;796;1660;12315563;0
757;202;0;795;1660;12315570;0
757;201;0;794;1660;12315577;0
758;201;0;794;1660;12315584;0
758;200;0;793;1670;12315592;0
759;199;0;792;1670;12315599;0
759;198;0;780;1670;12315606;0
759;197;0;782;1670;12315613;0
760;196;0;776;1660;12315620;0
761;195;0;751;1670;12315627;0
761;194;0;767;1650;12315634;0
762;193;0;748;1650;12315641;0
764;193;0;723;1670;12315648;0
765;192;0;684;1650;12315655;0
767;192;0;623;1650;12315662;0
769;192;0;542;1640;12315669;0
770;192;0;437;1620;12315676;0
772;191;0;102;1610;12315683;0
384;201;0;28;1200;12329992;1
384;201;0;27;1200;12329999;1
384;200;0;38;1200;12330006;1
384;200;0;62;1200;12330013;1
383;200;0;84;1200;12330020;1
383;200;0;97;1200;12330027;1
383;199;0;123;1200;12330034;1
383;199;0;135;1200;12330041;1
383;199;0;143;1200;12330049;1
383;199;0;146;1200;12330056;1
383;199;0;152;1200;12330063;1
383;199;0;156;1200;12330070;1
383;199;0;163;1210;12330077;1
383;198;0;165;1210;12330084;1
383;198;0;171;1210;12330091;1
383;198;0;181;1200;12330098;1
383;198;0;194;1200;12330105;1
383;198;0;207;1200;12330112;1
383;198;0;226;1200;12330119;1
383;198;0;242;1200;12330126;1
383;198;0;270;1190;12330133;1
383;198;0;285;1190;12330140;1
383;198;0;290;1190;12330147;1
383;198;0;307;1190;12330154;1
382;198;0;305;1190;12330161;1
382;198;0;318;1190;12330168;1
382;198;0;323;1180;12330175;1
381;198;0;327;1170;12330182;1
381;198;0;332;1180;12330189;1
381;198;0;338;1190;12330196;1
381;198;0;342;1180;12330203;1
381;198;0;350;1190;12330210;1
381;198;0;355;1190;12330217;1
381;198;0;360;1190;12330224;1
381;198;0;368;1200;12330231;1
381;198;0;370;1200;12330239;1
380;198;0;376;1190;12330246;1
380;198;0;378;1200;12330253;1
380;198;0;386;1200;12330260;1
380;198;0;390;1200;12330267;1
380;198;0;396;1200;12330274;1
380;198;0;405;1190;12330281;1
380;198;0;410;1180;12330288;1
380;198;0;411;1180;12330295;1
380;198;0;416;1180;12330302;1
379;198;0;418;1180;12330309;1
379;198;0;425;1200;12330316;1
379;197;0;430;1200;12330323;1
379;197;0;432;1200;12330330;1
379;197;0;437;1200;12330337;1
379;197;0;440;1200;12330344;1
379;197;0;443;1200;12330351;1
378;197;0;448;1200;12330358;1
378;197;0;452;1200;12330365;1
378;197;0;456;1200;12330372;1
378;197;0;462;1200;12330379;1
377;197;0;467;1200;12330386;1
377;197;0;473;1190;12330393;1
377;197;0;481;1200;12330400;1
377;197;0;488;1190;12330407;1
377;197;0;496;1190;12330414;1
377;196;0;502;1190;12330422;1
376;196;0;509;1190;12330429;1
375;196;0;513;1190;12330436;1
374;196;0;519;1200;12330443;1
373;196;0;525;1200;12330450;1
372;196;0;531;1200;12330457;1
371;196;0;535;1200;12330464;1
370;196;0;540;1200;12330471;1
368;196;0;543;1200;12330478;1
367;196;0;545;1200;12330485;1
366;196;0;548;1200;12330492;1
364;196;0;549;1190;12330499;1
363;196;0;552;1190;12330506;1
362;196;0;552;1190;12330513;1
360;196;0;556;1200;12330520;1
358;196;0;557;1200;12330527;1
357;196;0;559;1200;12330534;1
356;197;0;561;1210;12330541;1
354;197;0;561;1210;12330548;1
353;198;0;562;1220;12330555;1
352;198;0;563;1210;12330562;1
351;199;0;565;1210;12330569;1
349;199;0;568;1200;12330576;1
348;199;0;567;1210;12330583;1
347;200;0;568;1200;12330590;1
346;200;0;573;1200;12330597;1
345;201;0;577;1200;12330605;1
343;202;0;580;1180;12330612;1
342;202;0;583;1190;12330619;1
341;203;0;588;1190;12330626;1
339;204;0;590;1180;12330633;1
338;205;0;594;1180;12330640;1
336;207;0;595;1180;12330647;1
335;208;0;599;1180;12330654;1
334;209;0;599;1190;12330661;1
334;210;0;600;1190;12330668;1
333;211;0;602;1190;12330675;1
333;212;0;602;1200;12330682;1
333;213;0;603;1200;12330689;1
333;214;0;604;1200;12330696;1
333;215;0;605;1200;12330703;1
334;216;0;607;1200;12330710;1
334;217;0;611;1210;12330717;1
335;218;0;611;1210;12330724;1
336;219;0;610;1210;12330731;1
337;220;0;610;1210;12330738;1
338;221;0;612;1210;12330745;1
340;222;0;614;1210;12330752;1
341;222;0;617;1220;12330759;1
342;223;0;615;1210;12330766;1
344;223;0;615;1210;12330773;1
345;224;0;617;1210;12330780;1
346;224;0;617;1200;12330787;1
348;225;0;620;1200;12330795;1
349;226;0;622;1200;12330802;1
351;226;0;622;1200;12330809;1
352;227;0;622;1210;12330816;1
354;227;0;623;1210;12330823;1
356;228;0;625;1210;12330830;1
358;229;0;625;1210;12330837;1
359;229;0;625;1210;12330844;1
362;229;0;627;1210;12330851;1
364;230;0;627;1220;12330858;1
366;230;0;627;1220;12330865;1
368;231;0;629;1220;12330872;1
370;231;0;628;1220;12330879;1
373;232;0;629;1230;12330886;1
375;232;0;629;1230;12330893;1
377;232;0;629;1230;12330900;1
380;233;0;629;1240;12330907;1
382;233;0;629;1240;12330914;1
385;233;0;630;1240;12330921;1
387;234;0;631;1250;12330928;1
390;234;0;631;1250;12330935;1
392;234;0;631;1260;12330942;1
395;235;0;632;1270;12330949;1
398;235;0;632;1270;12330956;1
400;235;0;635;1260;12330963;1
403;235;0;635;1260;12330970;1
405;235;0;635;1260;12330978;1
408;235;0;635;1260;12330985;1
411;235;0;638;1260;12330992;1
414;235;0;638;1260;12330999;1
418;234;0;640;1270;12331006;1
421;234;0;641;1270;12331013;1
425;234;0;640;1290;12331020;1
428;234;0;643;1270;12331027;1
431;233;0;643;1270;12331034;1
434;233;0;644;1270;12331041;1
437;233;0;645;1260;12331048;1
440;233;0;646;1260;12331055;1
443;233;0;648;1290;12331062;1
445;232;0;649;1290;12331069;1
448;232;0;650;1300;12331076;1
450;231;0;651;1310;12331083;1
453;231;0;654;1310;12331090;1
455;230;0;654;1320;12331097;1
458;230;0;655;1350;12331104;1
461;229;0;656;1350;12331111;1
463;228;0;656;1360;12331118;1
466;227;0;660;1380;12331125;1
468;226;0;660;1380;12331132;1
471;226;0;663;1380;12331139;1
473;225;0;665;1380;12331146;1
475;224;0;669;1390;12331153;1
477;223;0;672;1390;12331161;1
479;222;0;677;1390;12331168;1
481;221;0;681;1390;12331175;1
482;220;0;687;1400;12331182;1
483;219;0;696;1390;12331189;1
484;218;0;703;1390;12331196;1
485;217;0;707;1390;12331203;1
487;215;0;713;1390;12331210;1
488;214;0;719;1390;12331217;1
489;213;0;723;1400;12331224;1
490;212;0;724;1400;12331231;1
492;211;0;729;1400;12331238;1
493;210;0;730;1410;12331245;1
494;209;0;732;1400;12331252;1
495;208;0;733;1400;12331259;1
496;207;0;735;1410;12331266;1
497;206;0;735;1410;12331273;1
498;206;0;736;1410;12331280;1
499;205;0;738;1410;12331287;1
499;204;0;740;1410;12331294;1
500;204;0;742;1410;12331301;1
500;203;0;743;1410;12331308;1
501;202;0;735;1410;12331315;1
502;202;0;738;1410;12331322;1
502;201;0;745;1410;12331329;1
503;200;0;746;1410;12331336;1
503;199;0;740;1430;12331343;1
503;198;0;748;1410;12331351;1
504;197;0;753;1400;12331358;1
504;196;0;735;1390;12331365;1
504;195;0;756;1360;12331372;1
504;194;0;757;1360;12331379;1
504;193;0;760;1380;12331386;1
504;192;0;760;1380;12331393;1
504;191;0;760;1380;12331400;1
504;190;0;763;1390;12331407;1
504;189;0;763;1390;12331414;1
504;188;0;764;1380;12331421;1
503;186;0;763;1390;12331428;1
502;185;0;763;1390;12331435;1
501;183;0;765;1390;12331442;1
500;182;0;771;1390;12331449;1
500;181;0;767;1400;12331456;1
498;179;0;767;1400;12331463;1
497;178;0;768;1400;12331470;1
496;176;0;768;1400;12331477;1
495;175;0;769;1400;12331484;1
494;174;0;768;1400;12331491;1
493;172;0;768;1400;12331498;1
492;171;0;769;1400;12331505;1
490;170;0;772;1400;12331512;1
489;169;0;769;1410;12331519;1
487;167;0;773;1410;12331526;1
486;166;0;768;1410;12331534;1
484;165;0;769;1410;12331541;1
482;163;0;769;1390;12331548;1
480;162;0;773;1400;12331555;1
478;160;0;770;1400;12331562;1
476;159;0;771;1400;12331569;1
475;158;0;770;1400;12331576;1
473;157;0;771;1390;12331583;1
471;155;0;772;1400;12331590;1
469;154;0;773;1400;12331597;1
467;153;0;772;1400;12331604;1
465;151;0;773;1400;12331611;1
463;150;0;773;1390;12331618;1
461;149;0;774;1410;12331625;1
458;147;0;776;1420;12331632;1
456;146;0;777;1400;12331639;1
454;144;0;775;1390;12331646;1
452;143;0;777;1360;12331653;1
449;141;0;776;1340;12331660;1
447;140;0;779;1340;12331667;1
445;139;0;778;1340;12331674;1
443;137;0;778;1340;12331681;1
440;135;0;778;1350;12331688;1
438;133;0;778;1350;12331695;1
435;132;0;778;1350;12331702;1
433;130;0;777;1360;12331709;1
430;129;0;778;1360;12331717;1
428;127;0;776;1370;12331724;1
425;126;0;779;1370;12331731;1
422;124;0;780;1390;12331738;1
418;123;0;779;1390;12331745;1
415;122;0;779;1390;12331752;1
411;120;0;782;1390;12331759;1
407;119;0;779;1370;12331766;1
402;118;0;779;1360;12331773;1
398;117;0;779;1370;12331780;1
393;116;0;779;1370;12331787;1
388;115;0;779;1350;12331794;1
383;114;0;778;1360;12331801;1
378;113;0;781;1360;12331808;1
374;112;0;778;1350;12331815;1
369;112;0;779;1350;12331822;1
364;111;0;779;1340;12331829;1
359;111;0;779;1340;12331836;1
354;111;0;779;1340;12331843;1
349;111;0;778;1330;12331850;1
344;111;0;779;1330;12331857;1
338;111;0;782;1320;12331864;1
333;111;0;779;1320;12331871;1
328;111;0;778;1320;12331878;1
323;112;0;779;1300;12331885;1
318;112;0;777;1280;12331892;1
313;113;0;779;1260;12331899;1
308;114;0;779;1250;12331907;1
304;114;0;778;1230;12331914;1
299;115;0;779;1210;12331921;1
295;116;0;779;1210;12331928;1
291;117;0;779;1190;12331935;1
288;118;0;779;1190;12331942;1
285;119;0;779;1190;12331949;1
282;120;0;779;1180;12331956;1
279;121;0;779;1200;12331963;1
277;122;0;780;1190;12331970;1
275;123;0;781;1190;12331977;1
273;124;0;783;1190;12331984;1
271;126;0;781;1170;12331991;1
269;127;0;783;1160;12331998;1
268;128;0;781;1150;12332005;1
266;130;0;782;1130;12332012;1
264;131;0;782;1120;12332019;1
262;132;0;782;1120;12332026;1
259;134;0;782;1100;12332033;1
257;135;0;782;1100;12332040;1
254;137;0;781;1090;12332047;1
251;138;0;783;1090;12332054;1
249;140;0;787;1090;12332061;1
247;141;0;783;1090;12332068;1
245;143;0;782;1090;12332075;1
243;144;0;783;1100;12332082;1
242;146;0;784;1090;12332090;1
240;148;0;785;1090;12332097;1
239;149;0;783;1100;12332104;1
237;151;0;783;1090;12332111;1
236;152;0;783;1090;12332118;1
234;154;0;784;1090;12332125;1
233;155;0;784;1100;12332132;1
232;157;0;782;1100;12332139;1
231;158;0;785;1110;12332146;1
230;159;0;784;1110;12332153;1
229;161;0;784;1120;12332160;1
228;162;0;784;1120;12332167;1
227;163;0;782;1120;12332174;1
226;164;0;787;1140;12332181;1
224;166;0;784;1150;12332188;1
223;167;0;784;1150;12332195;1
222;168;0;784;1160;12332202;1
220;169;0;785;1170;12332209;1
219;170;0;784;1180;12332216;1
218;171;0;783;1180;12332223;1
217;172;0;784;1200;12332230;1
216;173;0;783;1220;12332237;1
215;174;0;783;1220;12332244;1
214;175;0;784;1220;12332251;1
213;177;0;783;1230;12332258;1
212;178;0;784;1230;12332265;1
211;179;0;783;1200;12332273;1
211;180;0;782;1170;12332280;1
210;181;0;783;1150;12332287;1
209;183;0;782;1120;12332294;1
208;184;0;782;1120;12332301;1
207;185;0;782;1120;12332308;1
206;187;0;782;1130;12332315;1
205;188;0;782;1140;12332322;1
203;190;0;782;1140;12332329;1
202;192;0;782;1140;12332336;1
201;193;0;780;1140;12332343;1
200;195;0;780;1140;12332350;1
199;196;0;779;1140;12332357;1
198;198;0;779;1140;12332364;1
198;199;0;779;1140;12332371;1
197;201;0;759;1130;12332378;1
197;202;0;779;1110;12332385;1
196;204;0;770;1100;12332392;1
196;206;0;770;1110;12332399;1
196;207;0;772;1130;12332406;1
195;209;0;770;1140;12332413;1
194;211;0;769;1150;12332420;1
194;213;0;770;1160;12332427;1
194;216;0;770;1170;12332434;1
193;218;0;770;1180;12332441;1
193;220;0;770;1180;12332448;1
193;223;0;770;1180;12332455;1
193;225;0;770;1180;12332463;1
193;228;0;769;1180;12332470;1
193;230;0;770;1180;12332477;1
193;233;0;769;1180;12332484;1
194;235;0;770;1160;12332491;1
195;237;0;771;1160;12332498;1
196;240;0;768;1150;12332505;1
197;242;0;768;1160;12332512;1
198;244;0;768;1170;12332519;1
199;246;0;767;1170;12332526;1
201;248;0;767;1170;12332533;1
203;250;0;767;1150;12332540;1
205;251;0;767;1120;12332547;1
206;253;0;767;1110;12332554;1
208;255;0;764;1120;12332561;1
210;257;0;764;1130;12332568;1
211;259;0;764;1170;12332575;1
213;260;0;765;1210;12332582;1
215;262;0;763;1240;12332589;1
216;264;0;761;1240;12332596;1
218;266;0;762;1250;12332603;1
220;268;0;762;1240;12332610;1
221;270;0;761;1240;12332617;1
223;272;0;761;1250;12332624;1
224;274;0;762;1250;12332631;1
226;276;0;767;1260;12332638;1
228;278;0;761;1260;12332646;1
229;280;0;760;1250;12332653;1
231;282;0;760;1260;12332660;1
233;284;0;760;1260;12332667;1
235;286;0;760;1270;12332674;1
237;287;0;760;1260;12332681;1
239;289;0;760;1250;12332688;1
241;291;0;763;1250;12332695;1
243;293;0;760;1230;12332702;1
245;294;0;760;1190;12332709;1
247;296;0;760;1170;12332716;1
249;298;0;762;1140;12332723;1
252;299;0;760;1110;12332730;1
254;301;0;760;1120;12332737;1
257;302;0;764;1140;12332744;1
260;303;0;765;1140;12332751;1
262;305;0;762;1150;12332758;1
266;306;0;760;1170;12332765;1
268;307;0;763;1170;12332772;1
272;309;0;761;1180;12332779;1
275;310;0;760;1190;12332786;1
278;311;0;761;1200;12332793;1
281;312;0;762;1210;12332800;1
284;313;0;761;1210;12332807;1
287;314;0;761;1210;12332814;1
290;315;0;762;1210;12332821;1
293;316;0;767;1220;12332829;1
296;317;0;762;1220;12332836;1
299;317;0;763;1230;12332843;1
302;317;0;762;1240;12332850;1
305;318;0;762;1240;12332857;1
308;318;0;762;1240;12332864;1
310;318;0;762;1260;12332871;1
313;319;0;763;1260;12332878;1
315;319;0;763;1270;12332885;1
318;319;0;764;1280;12332892;1
321;319;0;764;1280;12332899;1
323;320;0;764;1280;12332906;1
326;320;0;765;1270;12332913;1
329;320;0;767;1280;12332920;1
332;320;0;765;1270;12332927;1
335;321;0;770;1270;12332934;1
338;321;0;767;1270;12332941;1
342;321;0;767;1270;12332948;1
345;321;0;767;1280;12332955;1
349;321;0;770;1280;12332962;1
353;321;0;767;1300;12332969;1
357;322;0;759;1290;12332976;1
361;322;0;767;1300;12332983;1
366;322;0;767;1320;12332990;1
370;323;0;765;1320;12332997;1
374;323;0;765;1320;12333004;1
379;323;0;767;1330;12333012;1
384;324;0;767;1330;12333019;1
389;324;0;771;1330;12333026;1
394;324;0;767;1330;12333033;1
399;325;0;767;1340;12333040;1
404;326;0;768;1350;12333047;1
408;326;0;768;1370;12333054;1
412;327;0;769;1370;12333061;1
416;327;0;769;1370;12333068;1
420;328;0;769;1370;12333075;1
424;328;0;770;1370;12333082;1
427;329;0;770;1370;12333089;1
431;329;0;771;1360;12333096;1
434;329;0;771;1360;12333103;1
437;330;0;763;1370;12333110;1
440;330;0;771;1370;12333117;1
443;330;0;775;1370;12333124;1
445;330;0;776;1370;12333131;1
447;330;0;774;1370;12333138;1
449;330;0;774;1370;12333145;1
451;330;0;776;1370;12333152;1
453;330;0;776;1390;12333159;1
455;330;0;779;1390;12333166;1
458;330;0;779;1390;12333173;1
460;329;0;782;1400;12333180;1
462;329;0;784;1410;12333187;1
464;329;0;784;1410;12333194;1
466;328;0;785;1410;12333202;1
467;328;0;785;1410;12333209;1
469;327;0;787;1430;12333216;1
472;327;0;788;1430;12333223;1
474;326;0;788;1430;12333230;1
477;326;0;792;1440;12333237;1
479;325;0;789;1450;12333244;1
482;324;0;792;1450;12333251;1
485;323;0;790;1460;12333258;1
488;323;0;794;1460;12333265;1
490;322;0;792;1460;12333272;1
493;321;0;784;1460;12333279;1
495;320;0;792;1470;12333286;1
498;319;0;792;1470;12333293;1
500;318;0;794;1470;12333300;1
502;318;0;786;1470;12333307;1
504;317;0;794;1460;12333314;1
507;316;0;794;1460;12333321;1
509;315;0;794;1460;12333328;1
511;314;0;794;1470;12333335;1
514;313;0;797;1470;12333342;1
516;311;0;795;1470;12333349;1
519;310;0;794;1470;12333356;1
522;309;0;800;1460;12333363;1
524;308;0;795;1460;12333370;1
526;307;0;796;1450;12333377;1
529;306;0;797;1450;12333385;1
532;305;0;797;1460;12333392;1
534;303;0;798;1450;12333399;1
537;302;0;799;1450;12333406;1
539;301;0;799;1450;12333413;1
541;299;0;800;1450;12333420;1
543;298;0;800;1470;12333427;1
545;296;0;800;1470;12333434;1
547;294;0;800;1460;12333441;1
549;293;0;802;1460;12333448;1
551;291;0;803;1440;12333455;1
553;289;0;801;1440;12333462;1
555;287;0;803;1440;12333469;1
557;286;0;802;1440;12333476;1
559;284;0;803;1440;12333483;1
561;282;0;803;1440;12333490;1
564;280;0;804;1470;12333497;1
566;278;0;803;1480;12333504;1
568;276;0;803;1480;12333511;1
571;274;0;803;1500;12333518;1
573;272;0;804;1510;12333525;1
575;270;0;804;1500;12333532;1
578;268;0;806;1510;12333539;1
580;266;0;806;1510;12333546;1
582;264;0;806;1480;12333553;1
585;261;0;806;1480;12333560;1
587;259;0;809;1470;12333568;1
589;257;0;808;1470;12333575;1
592;255;0;812;1480;12333582;1
594;253;0;809;1480;12333589;1
596;251;0;809;1490;12333596;1
599;248;0;809;1490;12333603;1
601;246;0;811;1500;12333610;1
603;244;0;812;1500;12333617;1
605;241;0;810;1490;12333624;1
607;239;0;813;1490;12333631;1
608;237;0;815;1490;12333638;1
610;234;0;818;1500;12333645;1
612;232;0;815;1520;12333652;1
613;230;0;815;1530;12333659;1
615;228;0;817;1530;12333666;1
617;226;0;817;1530;12333673;1
618;223;0;818;1540;12333680;1
619;221;0;818;1540;12333687;1
620;219;0;823;1540;12333694;1
621;217;0;819;1560;12333701;1
622;215;0;825;1560;12333708;1
622;213;0;821;1560;12333715;1
623;210;0;821;1560;12333722;1
623;209;0;826;1540;12333729;1
623;207;0;823;1540;12333736;1
624;205;0;823;1560;12333743;1
624;203;0;825;1560;12333750;1
624;201;0;817;1550;12333758;1
625;200;0;825;1550;12333765;1
625;198;0;825;1530;12333772;1
625;196;0;826;1530;12333779;1
625;194;0;808;1520;12333786;1
625;192;0;836;1490;12333793;1
625;191;0;841;1490;12333800;1
624;189;0;837;1490;12333807;1
624;187;0;840;1490;12333814;1
623;186;0;842;1500;12333821;1
623;184;0;842;1500;12333828;1
622;183;0;842;1500;12333835;1
622;182;0;844;1500;12333842;1
621;180;0;844;1510;12333849;1
621;179;0;844;1510;12333856;1
620;178;0;845;1520;12333863;1
619;176;0;847;1520;12333870;1
619;175;0;846;1520;12333877;1
618;174;0;845;1520;12333884;1
618;173;0;845;1520;12333891;1
617;172;0;847;1520;12333898;1
616;170;0;847;1520;12333905;1
615;169;0;846;1540;12333912;1
614;168;0;846;1540;12333919;1
613;167;0;848;1530;12333926;1
612;166;0;848;1520;12333933;1
611;165;0;848;1520;12333941;1
610;163;0;847;1520;12333948;1
609;162;0;847;1520;12333955;1
608;161;0;847;1520;12333962;1
607;160;0;849;1510;12333969;1
606;158;0;850;1510;12333976;1
605;157;0;851;1530;12333983;1
603;155;0;849;1520;12333990;1
602;154;0;848;1520;12333997;1
601;152;0;848;1520;12334004;1
599;151;0;848;1530;12334011;1
598;149;0;849;1540;12334018;1
596;147;0;849;1550;12334025;1
594;145;0;849;1540;12334032;1
592;143;0;850;1530;12334039;1
590;141;0;850;1500;12334046;1
588;139;0;854;1480;12334053;1
586;136;0;851;1480;12334060;1
584;134;0;854;1470;12334067;1
582;132;0;858;1450;12334074;1
579;129;0;854;1440;12334081;1
576;127;0;854;1470;12334088;1
574;124;0;854;1500;12334095;1
571;122;0;855;1530;12334102;1
568;119;0;856;1550;12334109;1
565;116;0;856;1560;12334116;1
563;113;0;856;1550;12334124;1
560;111;0;855;1550;12334131;1
558;108;0;854;1550;12334138;1
555;106;0;854;1550;12334145;1
553;103;0;854;1550;12334152;1
550;101;0;855;1560;12334159;1
547;99;0;853;1560;12334166;1
544;97;0;853;1560;12334173;1
542;94;0;851;1560;12334180;1
539;92;0;851;1550;12334187;1
536;90;0;851;1530;12334194;1
532;88;0;850;1520;12334201;1
529;86;0;851;1510;12334208;1
526;84;0;851;1520;12334215;1
522;82;0;851;1530;12334222;1
519;80;0;850;1520;12334229;1
515;78;0;851;1530;12334236;1
511;77;0;849;1540;12334243;1
508;75;0;851;1540;12334250;1
504;74;0;850;1540;12334257;1
500;72;0;850;1540;12334264;1
496;71;0;850;1520;12334271;1
491;69;0;854;1510;12334278;1
487;68;0;850;1520;12334285;1
482;67;0;849;1530;12334292;1
478;65;0;850;1560;12334299;1
474;64;0;850;1580;12334306;1
470;64;0;851;1580;12334314;1
466;63;0;850;1580;12334321;1
462;62;0;850;1580;12334328;1
459;61;0;849;1590;12334335;1
454;61;0;850;1580;12334342;1
450;60;0;849;1580;12334349;1
446;60;0;848;1580;12334356;1
441;59;0;848;1590;12334363;1
437;59;0;853;1600;12334370;1
433;58;0;849;1600;12334377;1
429;58;0;851;1600;12334384;1
425;57;0;849;1600;12334391;1
421;57;0;849;1600;12334398;1
417;57;0;849;1600;12334405;1
413;57;0;850;1600;12334412;1
408;56;0;851;1600;12334419;1
404;56;0;849;1600;12334426;1
399;56;0;849;1590;12334433;1
394;56;0;849;1590;12334440;1
390;55;0;848;1590;12334447;1
385;55;0;849;1580;12334454;1
381;55;0;849;1590;12334461;1
376;55;0;848;1570;12334468;1
372;55;0;850;1530;12334475;1
367;55;0;847;1520;12334482;1
363;55;0;848;1520;12334489;1
359;55;0;848;1500;12334497;1
355;55;0;851;1500;12334504;1
351;55;0;851;1490;12334511;1
347;55;0;847;1450;12334518;1
343;56;0;848;1450;12334525;1
338;56;0;847;1430;12334532;1
334;56;0;847;1420;12334539;1
329;57;0;847;1410;12334546;1
325;57;0;846;1400;12334553;1
321;58;0;846;1400;12334560;1
316;59;0;846;1380;12334567;1
312;60;0;846;1360;12334574;1
307;60;0;845;1380;12334581;1
302;61;0;845;1390;12334588;1
297;62;0;846;1400;12334595;1
291;62;0;845;1410;12334602;1
286;64;0;844;1370;12334609;1
281;65;0;844;1370;12334616;1
276;66;0;845;1340;12334623;1
271;67;0;845;1330;12334630;1
266;68;0;844;1320;12334637;1
261;70;0;848;1320;12334644;1
257;71;0;842;1300;12334651;1
253;73;0;842;1310;12334658;1
249;74;0;836;1310;12334665;1
245;75;0;843;1280;12334672;1
242;77;0;842;1260;12334680;1
238;78;0;847;1250;12334687;1
235;80;0;842;1220;12334694;1
231;82;0;842;1200;12334701;1
227;84;0;842;1200;12334708;1
222;86;0;842;1200;12334715;1
217;88;0;843;1250;12334722;1
212;90;0;842;1310;12334729;1
206;93;0;842;1350;12334736;1
200;95;0;842;1330;12334743;1
194;98;0;841;1310;12334750;1
188;101;0;841;1320;12334757;1
183;103;0;841;1330;12334764;1
179;105;0;842;1340;12334771;1
176;107;0;842;1350;12334778;1
174;108;0;842;1340;12334785;1
171;110;0;842;1330;12334792;1
169;112;0;842;1320;12334799;1
165;114;0;843;1280;12334806;1
161;116;0;845;1250;12334813;1
157;119;0;845;1250;12334820;1
152;121;0;845;1250;12334827;1
147;124;0;844;1250;12334834;1
142;126;0;843;1260;12334841;1
138;129;0;843;1220;12334848;1
134;131;0;844;1190;12334855;1
130;134;0;845;1180;12334862;1
126;136;0;845;1150;12334870;1
123;138;0;845;1130;12334877;1
120;141;0;844;1150;12334884;1
117;143;0;842;1170;12334891;1
115;145;0;842;1220;12334898;1
114;147;0;842;1290;12334905;1
112;149;0;842;1320;12334912;1
111;150;0;841;1340;12334919;1
111;152;0;839;1340;12334926;1
110;154;0;839;1340;12334933;1
110;155;0;838;1340;12334940;1
109;157;0;839;1330;12334947;1
109;159;0;838;1330;12334954;1
109;160;0;841;1340;12334961;1
108;162;0;838;1340;12334968;1
108;164;0;836;1350;12334975;1
107;165;0;836;1360;12334982;1
107;167;0;836;1360;12334989;1
107;169;0;837;1360;12334996;1
107;170;0;836;1350;12335003;1
106;172;0;837;1330;12335010;1
106;174;0;836;1330;12335017;1
106;175;0;835;1320;12335024;1
106;177;0;833;1320;12335031;1
106;178;0;835;1320;12335038;1
105;180;0;838;1310;12335045;1
105;182;0;835;1310;12335053;1
105;183;0;835;1300;12335060;1
104;185;0;839;1280;12335067;1
104;187;0;833;1260;12335074;1
103;188;0;834;1260;12335081;1
103;190;0;835;1250;12335088;1
102;191;0;833;1250;12335095;1
102;193;0;831;1230;12335102;1
101;194;0;836;1240;12335109;1
101;196;0;830;1260;12335116;1
101;197;0;832;1290;12335123;1
101;199;0;825;1330;12335130;1
101;200;0;821;1350;12335137;1
101;201;0;820;1360;12335144;1
100;203;0;821;1370;12335151;1
100;204;0;821;1360;12335158;1
100;205;0;821;1360;12335165;1
100;207;0;822;1370;12335172;1
100;208;0;823;1360;12335179;1
99;209;0;825;1350;12335186;1
99;211;0;821;1350;12335193;1
99;212;0;821;1340;12335200;1
99;214;0;822;1350;12335207;1
99;215;0;823;1360;12335214;1
99;217;0;821;1360;12335221;1
99;218;0;823;1370;12335228;1
98;220;0;822;1350;12335236;1
98;222;0;821;1350;12335243;1
98;224;0;820;1340;12335250;1
97;225;0;818;1330;12335257;1
97;227;0;821;1340;12335264;1
97;229;0;816;1340;12335271;1
97;231;0;818;1340;12335278;1
97;233;0;818;1320;12335285;1
98;235;0;818;1320;12335292;1
98;237;0;815;1320;12335299;1
99;239;0;818;1320;12335306;1
99;242;0;818;1310;12335313;1
99;244;0;815;1300;12335320;1
100;246;0;817;1300;12335327;1
100;248;0;815;1300;12335334;1
101;251;0;816;1320;12335341;1
101;253;0;817;1330;12335348;1
102;255;0;815;1320;12335355;1
103;257;0;815;1330;12335362;1
103;259;0;816;1320;12335369;1
104;262;0;817;1340;12335376;1
105;264;0;816;1340;12335383;1
105;267;0;814;1340;12335390;1
106;269;0;815;1330;12335397;1
107;271;0;816;1330;12335404;1
108;274;0;815;1340;12335411;1
109;276;0;815;1330;12335418;1
109;279;0;815;1340;12335426;1
110;281;0;815;1340;12335433;1
112;283;0;815;1340;12335440;1
113;286;0;815;1340;12335447;1
115;288;0;815;1320;12335454;1
117;291;0;814;1290;12335461;1
119;293;0;815;1270;12335468;1
122;296;0;815;1260;12335475;1
125;298;0;815;1270;12335482;1
128;301;0;815;1280;12335489;1
132;303;0;815;1270;12335496;1
136;306;0;815;1260;12335503;1
140;308;0;815;1230;12335510;1
145;311;0;818;1240;12335517;1
150;314;0;815;1260;12335524;1
156;317;0;816;1270;12335531;1
161;320;0;815;1300;12335538;1
167;324;0;817;1290;12335545;1
174;328;0;816;1280;12335552;1
182;333;0;816;1260;12335559;1
190;338;0;816;1230;12335566;1
200;343;0;817;1210;12335573;1
210;347;0;818;1210;12335580;1
219;350;0;818;1220;12335587;1
228;353;0;819;1240;12335594;1
236;356;0;819;1230;12335601;1
245;359;0;821;1240;12335609;1
253;362;0;823;1260;12335616;1
262;364;0;821;1280;12335623;1
271;367;0;825;1290;12335630;1
281;370;0;821;1310;12335637;1
291;372;0;825;1310;12335644;1
300;375;0;825;1320;12335651;1
310;377;0;826;1330;12335658;1
319;379;0;827;1330;12335665;1
328;380;0;830;1330;12335672;1
337;382;0;829;1350;12335679;1
346;384;0;830;1340;12335686;1
355;385;0;832;1360;12335693;1
364;386;0;832;1360;12335700;1
373;387;0;831;1350;12335707;1
381;388;0;833;1350;12335714;1
390;389;0;833;1340;12335721;1
398;390;0;833;1370;12335728;1
405;391;0;832;1410;12335735;1
412;391;0;834;1440;12335742;1
418;391;0;835;1480;12335749;1
424;391;0;833;1470;12335756;1
430;392;0;834;1470;12335763;1
436;392;0;835;1470;12335770;1
441;392;0;835;1470;12335777;1
447;392;0;836;1480;12335784;1
452;392;0;837;1490;12335792;1
457;391;0;834;1500;12335799;1
462;391;0;836;1500;12335806;1
466;391;0;836;1510;12335813;1
471;391;0;835;1510;12335820;1
476;390;0;835;1530;12335827;1
480;390;0;836;1530;12335834;1
486;389;0;839;1550;12335841;1
490;389;0;836;1550;12335848;1
495;388;0;836;1550;12335855;1
499;388;0;839;1560;12335862;1
504;387;0;836;1540;12335869;1
508;387;0;836;1540;12335876;1
511;386;0;837;1540;12335883;1
515;386;0;836;1550;12335890;1
519;385;0;837;1560;12335897;1
523;384;0;839;1560;12335904;1
527;384;0;836;1550;12335911;1
530;383;0;836;1550;12335918;1
534;382;0;839;1540;12335925;1
538;381;0;837;1560;12335932;1
541;380;0;836;1560;12335939;1
545;379;0;839;1560;12335946;1
549;378;0;836;1580;12335953;1
553;377;0;836;1580;12335960;1
557;376;0;836;1590;12335967;1
561;375;0;836;1600;12335974;1
565;374;0;836;1600;12335982;1
568;373;0;839;1600;12335989;1
572;371;0;836;1600;12335996;1
576;370;0;836;1600;12336003;1
580;369;0;836;1620;12336010;1
585;367;0;836;1610;12336017;1
589;366;0;837;1600;12336024;1
594;365;0;834;1600;12336031;1
598;363;0;836;1590;12336038;1
603;362;0;835;1590;12336045;1
609;360;0;836;1580;12336052;1
614;359;0;835;1580;12336059;1
619;357;0;836;1570;12336066;1
624;356;0;834;1570;12336073;1
629;354;0;835;1570;12336080;1
634;353;0;836;1590;12336087;1
639;351;0;834;1590;12336094;1
643;350;0;834;1610;12336101;1
648;349;0;834;1610;12336108;1
651;347;0;839;1620;12336115;1
655;346;0;834;1620;12336122;1
659;344;0;838;1620;12336129;1
663;343;0;835;1610;12336136;1
667;341;0;838;1600;12336143;1
670;339;0;827;1580;12336150;1
674;338;0;835;1580;12336157;1
677;336;0;834;1560;12336165;1
681;335;0;835;1560;12336172;1
684;333;0;835;1550;12336179;1
687;331;0;836;1560;12336186;1
690;330;0;833;1560;12336193;1
693;328;0;836;1570;12336200;1
695;327;0;834;1580;12336207;1
697;325;0;835;1580;12336214;1
699;324;0;835;1580;12336221;1
701;322;0;836;1580;12336228;1
703;321;0;836;1580;12336235;1
705;319;0;836;1580;12336242;1
707;318;0;837;1580;12336249;1
709;316;0;836;1580;12336256;1
711;314;0;837;1570;12336263;1
712;313;0;836;1570;12336270;1
714;311;0;835;1570;12336277;1
716;310;0;836;1570;12336284;1
717;308;0;841;1560;12336291;1
719;307;0;837;1560;12336298;1
720;306;0;836;1560;12336305;1
721;304;0;836;1550;12336312;1
723;303;0;837;1550;12336319;1
724;302;0;837;1570;12336326;1
725;300;0;836;1570;12336333;1
726;299;0;837;1580;12336340;1
727;298;0;838;1580;12336348;1
728;296;0;837;1570;12336355;1
729;295;0;839;1560;12336362;1
729;293;0;839;1550;12336369;1
729;292;0;839;1540;12336376;1
730;290;0;840;1520;12336383;1
730;288;0;839;1520;12336390;1
731;286;0;840;1530;12336397;1
732;284;0;839;1530;12336404;1
732;282;0;839;1540;12336411;1
733;280;0;839;1530;12336418;1
734;278;0;839;1540;12336425;1
735;276;0;841;1550;12336432;1
737;273;0;839;1560;12336439;1
738;271;0;839;1570;12336446;1
739;268;0;839;1570;12336453;1
740;266;0;840;1570;12336460;1
741;263;0;840;1570;12336467;1
742;261;0;840;1570;12336474;1
743;258;0;840;1570;12336481;1
744;256;0;841;1570;12336488;1
745;253;0;840;1570;12336495;1
745;250;0;840;1570;12336502;1
746;248;0;842;1570;12336509;1
746;245;0;841;1560;12336516;1
747;242;0;842;1560;12336523;1
747;240;0;842;1550;12336531;1
747;237;0;843;1550;12336538;1
748;234;0;843;1570;12336545;1
748;232;0;841;1580;12336552;1
748;229;0;842;1580;12336559;1
749;227;0;842;1590;12336566;1
749;224;0;842;1590;12336573;1
748;222;0;843;1600;12336580;1
748;219;0;843;1600;12336587;1
748;216;0;844;1600;12336594;1
748;214;0;844;1600;12336601;1
748;211;0;843;1600;12336608;1
748;209;0;843;1610;12336615;1
747;206;0;844;1610;12336622;1
747;204;0;844;1610;12336629;1
747;202;0;842;1610;12336636;1
747;199;0;834;1610;12336643;1
747;197;0;839;1600;12336650;1
747;194;0;836;1580;12336657;1
748;191;0;809;1580;12336664;1
749;189;0;833;1570;12336671;1
750;187;0;825;1580;12336678;1
751;185;0;807;1570;12336685;1
753;183;0;782;1580;12336692;1
755;181;0;746;1590;12336699;1
756;180;0;693;1590;12336706;1
758;179;0;601;1600;12336713;1
759;179;0;503;1600;12336721;1
759;178;0;188;1600;12336728;1
