192;201;0;29;1260;75779447;0
193;201;0;77;1260;75779454;0
193;201;0;133;1260;75779461;0
193;201;0;149;1260;75779468;0
193;201;0;171;1260;75779475;0
193;201;0;201;1270;75779482;0
193;201;0;219;1260;75779489;0
193;201;0;235;1250;75779496;0
193;201;0;242;1250;75779503;0
193;200;0;245;1240;75779510;0
193;200;0;256;1240;75779517;0
193;200;0;267;1250;75779524;0
193;200;0;272;1250;75779531;0
193;200;0;271;1250;75779538;0
193;200;0;271;1250;75779545;0
193;201;0;267;1250;75779552;0
192;201;0;241;1250;75779559;0
192;201;0;177;1250;75779566;0
192;202;0;93;1250;75779573;0
191;202;0;22;1250;75779581;0
192;201;0;25;1260;75779614;0
191;202;0;74;1260;75779621;0
191;202;0;117;1260;75779628;0
191;202;0;162;1250;75779635;0
191;201;0;198;1250;75779642;0
191;201;0;231;1250;75779649;0
191;201;0;259;1240;75779656;0
191;201;0;273;1250;75779663;0
191;200;0;279;1250;75779670;0
192;200;0;284;1270;75779677;0
192;200;0;289;1270;75779684;0
192;200;0;297;1260;75779691;0
192;200;0;300;1260;75779698;0
192;200;0;303;1260;75779705;0
192;200;0;305;1250;75779712;0
192;200;0;309;1260;75779719;0
191;200;0;315;1260;75779726;0
191;200;0;330;1270;75779734;0
191;200;0;349;1260;75779741;0
191;200;0;373;1260;75779748;0
191;199;0;398;1260;75779755;0
191;199;0;422;1250;75779762;0
191;199;0;446;1240;75779769;0
191;199;0;466;1250;75779776;0
191;199;0;479;1250;75779783;0
191;199;0;490;1270;75779790;0
191;199;0;496;1270;75779797;0
191;199;0;512;1270;75779804;0
192;199;0;528;1260;75779811;0
193;198;0;537;1250;75779818;0
193;198;0;547;1250;75779825;0
194;197;0;552;1260;75779832;0
195;196;0;559;1260;75779839;0
196;194;0;584;1260;75779846;0
197;193;0;592;1280;75779853;0
197;192;0;596;1290;75779860;0
198;191;0;601;1310;75779867;0
199;190;0;605;1320;75779874;0
199;189;0;609;1320;75779881;0
200;188;0;614;1310;75779888;0
200;188;0;617;1300;75779895;0
200;187;0;628;1310;75779902;0
200;186;0;638;1300;75779909;0
200;185;0;649;1300;75779917;0
200;185;0;654;1310;75779924;0
200;184;0;658;1300;75779931;0
199;184;0;660;1310;75779938;0
199;183;0;663;1320;75779945;0
198;183;0;664;1310;75779952;0
197;182;0;664;1330;75779959;0
196;182;0;666;1330;75779966;0
195;181;0;666;1330;75779973;0
194;181;0;671;1330;75779980;0
193;181;0;667;1330;75779987;0
192;181;0;669;1330;75779994;0
191;181;0;669;1330;75780001;0
190;181;0;669;1330;75780008;0
190;181;0;671;1340;75780015;0
189;181;0;670;1340;75780022;0
189;181;0;670;1340;75780029;0
189;181;0;675;1330;75780036;0
188;181;0;676;1320;75780043;0
188;181;0;674;1320;75780050;0
188;181;0;672;1320;75780057;0
187;181;0;676;1340;75780064;0
186;181;0;674;1340;75780071;0
186;181;0;674;1330;75780078;0
185;181;0;675;1320;75780085;0
185;181;0;675;1310;75780092;0
184;181;0;674;1310;75780099;0
183;181;0;675;1320;75780107;0
183;181;0;675;1320;75780114;0
182;180;0;675;1330;75780121;0
181;180;0;676;1330;75780128;0
181;180;0;676;1310;75780135;0
180;180;0;676;1320;75780142;0
180;180;0;676;1320;75780149;0
179;180;0;676;1320;75780156;0
178;180;0;676;1330;75780163;0
178;180;0;676;1330;75780170;0
177;180;0;676;1330;75780177;0
177;181;0;676;1320;75780184;0
176;181;0;676;1310;75780191;0
175;182;0;676;1320;75780198;0
174;183;0;679;1310;75780205;0
173;183;0;675;1320;75780212;0
173;184;0;674;1320;75780219;0
172;185;0;675;1310;75780226;0
171;185;0;675;1310;75780233;0
171;186;0;675;1310;75780240;0
170;187;0;675;1310;75780247;0
170;188;0;675;1320;75780254;0
169;188;0;679;1310;75780261;0
168;189;0;674;1310;75780268;0
168;190;0;675;1310;75780275;0
167;190;0;675;1310;75780282;0
167;191;0;675;1290;75780290;0
166;191;0;674;1290;75780297;0
166;192;0;675;1280;75780304;0
165;193;0;674;1280;75780311;0
164;193;0;675;1280;75780318;0
164;194;0;673;1280;75780325;0
164;195;0;673;1270;75780332;0
163;196;0;673;1260;75780339;0
163;196;0;672;1250;75780346;0
162;197;0;671;1230;75780353;0
162;198;0;675;1240;75780360;0
162;199;0;672;1240;75780367;0
162;200;0;666;1220;75780374;0
161;201;0;664;1210;75780381;0
161;202;0;665;1200;75780388;0
161;203;0;665;1200;75780395;0
161;204;0;660;1210;75780402;0
161;205;0;666;1220;75780409;0
161;205;0;668;1230;75780416;0
161;206;0;671;1220;75780423;0
160;207;0;672;1220;75780430;0
160;208;0;674;1210;75780437;0
160;209;0;675;1210;75780444;0
159;210;0;677;1210;75780451;0
159;211;0;679;1210;75780458;0
159;212;0;684;1200;75780465;0
158;213;0;686;1200;75780473;0
158;214;0;690;1200;75780480;0
158;215;0;693;1200;75780487;0
158;215;0;693;1210;75780494;0
159;216;0;693;1210;75780501;0
159;216;0;696;1220;75780508;0
159;217;0;699;1230;75780515;0
160;217;0;699;1230;75780522;0
160;218;0;702;1240;75780529;0
160;218;0;704;1240;75780536;0
161;219;0;706;1250;75780543;0
161;220;0;707;1250;75780550;0
161;221;0;708;1240;75780557;0
161;221;0;709;1250;75780564;0
162;222;0;712;1250;75780571;0
162;223;0;713;1260;75780578;0
162;223;0;715;1250;75780585;0
162;224;0;717;1260;75780592;0
162;224;0;723;1260;75780599;0
162;225;0;721;1270;75780606;0
162;226;0;723;1260;75780613;0
162;226;0;726;1250;75780620;0
163;227;0;726;1250;75780627;0
163;227;0;732;1240;75780634;0
163;227;0;731;1240;75780641;0
163;228;0;733;1240;75780648;0
164;228;0;736;1240;75780655;0
164;228;0;739;1230;75780663;0
164;229;0;740;1240;75780670;0
165;229;0;742;1240;75780677;0
165;230;0;743;1250;75780684;0
165;230;0;745;1260;75780691;0
165;231;0;747;1260;75780698;0
165;231;0;748;1250;75780705;0
166;232;0;749;1240;75780712;0
166;232;0;752;1250;75780719;0
166;233;0;753;1240;75780726;0
166;233;0;753;1230;75780733;0
166;234;0;754;1240;75780740;0
166;234;0;754;1240;75780747;0
167;234;0;755;1240;75780754;0
167;235;0;759;1250;75780761;0
168;235;0;760;1250;75780768;0
168;235;0;761;1250;75780775;0
169;235;0;764;1240;75780782;0
169;235;0;770;1240;75780789;0
170;235;0;770;1250;75780796;0
170;235;0;773;1260;75780803;0
170;236;0;773;1270;75780810;0
171;236;0;773;1270;75780817;0
171;237;0;776;1270;75780824;0
171;237;0;776;1270;75780831;0
172;237;0;776;1260;75780838;0
172;238;0;780;1250;75780846;0
173;238;0;781;1260;75780853;0
173;239;0;779;1250;75780860;0
174;239;0;782;1250;75780867;0
175;240;0;781;1250;75780874;0
175;240;0;781;1240;75780881;0
176;240;0;782;1240;75780888;0
177;240;0;782;1240;75780895;0
177;240;0;783;1250;75780902;0
178;240;0;787;1250;75780909;0
179;241;0;790;1260;75780916;0
180;241;0;793;1260;75780923;0
180;241;0;796;1270;75780930;0
181;241;0;798;1270;75780937;0
182;241;0;802;1270;75780944;0
183;241;0;803;1260;75780951;0
184;241;0;803;1250;75780958;0
184;242;0;805;1250;75780965;0
185;242;0;809;1250;75780972;0
186;242;0;806;1250;75780979;0
187;242;0;807;1250;75780986;0
187;242;0;806;1250;75780993;0
188;243;0;808;1250;75781000;0
189;243;0;809;1250;75781007;0
190;243;0;809;1250;75781014;0
191;243;0;812;1250;75781021;0
192;243;0;812;1250;75781029;0
193;243;0;814;1260;75781036;0
194;244;0;818;1260;75781043;0
195;244;0;815;1260;75781050;0
196;244;0;815;1270;75781057;0
197;244;0;816;1260;75781064;0
197;245;0;816;1260;75781071;0
198;245;0;816;1270;75781078;0
199;245;0;817;1270;75781085;0
200;245;0;816;1270;75781092;0
201;246;0;817;1270;75781099;0
202;246;0;817;1270;75781106;0
203;246;0;818;1280;75781113;0
204;246;0;819;1270;75781120;0
205;246;0;820;1280;75781127;0
206;246;0;820;1280;75781134;0
208;246;0;821;1280;75781141;0
209;246;0;821;1300;75781148;0
210;246;0;821;1320;75781155;0
211;246;0;821;1310;75781162;0
212;246;0;825;1310;75781169;0
212;246;0;821;1310;75781176;0
213;245;0;821;1310;75781183;0
214;245;0;822;1330;75781190;0
215;245;0;822;1330;75781197;0
216;245;0;827;1330;75781204;0
216;245;0;825;1340;75781211;0
217;244;0;825;1340;75781219;0
218;244;0;825;1330;75781226;0
219;244;0;825;1330;75781233;0
219;244;0;825;1330;75781240;0
220;244;0;825;1330;75781247;0
221;244;0;827;1330;75781254;0
221;244;0;825;1340;75781261;0
222;244;0;825;1340;75781268;0
223;244;0;825;1340;75781275;0
224;244;0;826;1350;75781282;0
225;244;0;826;1340;75781289;0
226;243;0;827;1350;75781296;0
227;243;0;826;1350;75781303;0
228;243;0;826;1350;75781310;0
229;243;0;827;1340;75781317;0
230;243;0;827;1340;75781324;0
230;243;0;827;1330;75781331;0
231;243;0;833;1330;75781338;0
232;243;0;831;1340;75781345;0
232;243;0;835;1340;75781352;0
233;242;0;839;1340;75781359;0
234;242;0;842;1350;75781366;0
236;242;0;844;1350;75781373;0
237;241;0;845;1350;75781380;0
238;240;0;846;1360;75781387;0
239;240;0;845;1360;75781394;0
240;240;0;846;1360;75781402;0
241;239;0;847;1360;75781409;0
242;239;0;845;1390;75781416;0
243;239;0;847;1370;75781423;0
243;238;0;848;1370;75781430;0
244;238;0;850;1370;75781437;0
245;237;0;851;1390;75781444;0
246;237;0;853;1390;75781451;0
247;236;0;858;1400;75781458;0
248;235;0;855;1400;75781465;0
249;234;0;856;1400;75781472;0
250;233;0;858;1400;75781479;0
251;232;0;858;1400;75781486;0
252;231;0;860;1400;75781493;0
252;230;0;860;1410;75781500;0
253;229;0;862;1420;75781507;0
254;228;0;865;1420;75781514;0
254;227;0;867;1440;75781521;0
255;226;0;871;1430;75781528;0
255;225;0;874;1450;75781535;0
255;224;0;875;1430;75781542;0
256;222;0;875;1440;75781549;0
256;221;0;877;1440;75781556;0
256;220;0;877;1430;75781563;0
256;218;0;878;1430;75781570;0
257;217;0;871;1450;75781577;0
257;215;0;878;1460;75781585;0
257;213;0;881;1460;75781592;0
257;211;0;879;1460;75781599;0
258;210;0;879;1460;75781606;0
258;208;0;880;1460;75781613;0
258;206;0;881;1460;75781620;0
258;205;0;881;1460;75781627;0
258;203;0;881;1460;75781634;0
258;202;0;883;1460;75781641;0
258;201;0;882;1460;75781648;0
257;200;0;883;1470;75781655;0
257;198;0;883;1460;75781662;0
257;197;0;875;1460;75781669;0
257;195;0;863;1450;75781676;0
257;194;0;893;1430;75781683;0
257;193;0;899;1450;75781690;0
256;191;0;897;1430;75781697;0
256;190;0;897;1430;75781704;0
256;189;0;899;1430;75781711;0
256;187;0;901;1430;75781718;0
256;186;0;902;1430;75781725;0
256;184;0;899;1450;75781732;0
256;183;0;899;1460;75781739;0
256;181;0;900;1450;75781746;0
256;179;0;900;1470;75781753;0
256;178;0;900;1450;75781760;0
256;176;0;901;1450;75781768;0
256;175;0;904;1470;75781775;0
256;173;0;900;1480;75781782;0
256;172;0;900;1480;75781789;0
256;171;0;902;1480;75781796;0
255;169;0;902;1480;75781803;0
255;168;0;902;1480;75781810;0
254;166;0;902;1480;75781817;0
253;165;0;902;1470;75781824;0
253;164;0;902;1470;75781831;0
252;163;0;902;1470;75781838;0
252;161;0;903;1470;75781845;0
251;160;0;902;1470;75781852;0
250;159;0;902;1470;75781859;0
250;158;0;903;1470;75781866;0
249;157;0;902;1450;75781873;0
249;156;0;902;1450;75781880;0
248;155;0;902;1460;75781887;0
247;154;0;902;1450;75781894;0
246;153;0;901;1460;75781901;0
246;151;0;902;1470;75781908;0
245;150;0;902;1470;75781915;0
244;149;0;902;1480;75781922;0
243;148;0;903;1490;75781929;0
242;147;0;903;1500;75781936;0
242;146;0;900;1510;75781943;0
241;145;0;902;1500;75781950;0
240;144;0;900;1470;75781958;0
239;144;0;899;1430;75781965;0
238;143;0;901;1410;75781972;0
237;142;0;900;1400;75781979;0
237;142;0;894;1400;75781986;0
236;141;0;894;1390;75781993;0
235;141;0;897;1390;75782000;0
234;140;0;894;1380;75782007;0
233;140;0;893;1360;75782014;0
232;139;0;891;1360;75782021;0
231;139;0;891;1380;75782028;0
230;138;0;891;1380;75782035;0
229;138;0;889;1400;75782042;0
228;137;0;888;1400;75782049;0
227;137;0;891;1400;75782056;0
226;136;0;887;1400;75782063;0
225;136;0;886;1400;75782070;0
224;135;0;887;1410;75782077;0
223;135;0;887;1410;75782084;0
222;134;0;886;1410;75782091;0
221;134;0;885;1410;75782098;0
220;133;0;884;1410;75782105;0
219;133;0;883;1410;75782112;0
218;132;0;881;1410;75782119;0
217;131;0;880;1410;75782126;0
215;131;0;884;1410;75782133;0
214;130;0;879;1440;75782141;0
213;130;0;879;1440;75782148;0
212;129;0;878;1440;75782155;0
211;128;0;878;1410;75782162;0
209;128;0;877;1400;75782169;0
208;127;0;877;1390;75782176;0
207;127;0;878;1400;75782183;0
205;126;0;876;1400;75782190;0
204;125;0;875;1420;75782197;0
203;124;0;874;1450;75782204;0
201;124;0;873;1460;75782211;0
200;124;0;872;1460;75782218;0
199;123;0;871;1470;75782225;0
198;123;0;870;1460;75782232;0
196;122;0;869;1460;75782239;0
195;122;0;872;1470;75782246;0
194;122;0;866;1470;75782253;0
192;122;0;869;1470;75782260;0
191;122;0;866;1470;75782267;0
190;121;0;864;1450;75782274;0
189;121;0;864;1440;75782281;0
187;121;0;864;1430;75782288;0
186;121;0;863;1430;75782295;0
185;121;0;862;1420;75782302;0
184;121;0;860;1420;75782309;0
182;120;0;862;1430;75782316;0
181;120;0;860;1430;75782324;0
179;120;0;859;1430;75782331;0
178;120;0;859;1430;75782338;0
176;120;0;858;1420;75782345;0
175;120;0;858;1410;75782352;0
173;120;0;858;1410;75782359;0
172;121;0;858;1410;75782366;0
171;121;0;858;1400;75782373;0
169;121;0;858;1390;75782380;0
168;121;0;858;1380;75782387;0
167;122;0;856;1380;75782394;0
165;122;0;858;1370;75782401;0
164;122;0;855;1370;75782408;0
162;123;0;854;1340;75782415;0
160;124;0;853;1320;75782422;0
158;124;0;853;1280;75782429;0
156;125;0;850;1250;75782436;0
153;126;0;848;1230;75782443;0
151;126;0;851;1210;75782450;0
149;126;0;847;1200;75782457;0
147;127;0;845;1200;75782464;0
146;127;0;845;1200;75782471;0
144;128;0;843;1190;75782478;0
142;128;0;843;1180;75782485;0
141;129;0;842;1170;75782492;0
139;129;0;845;1160;75782499;0
138;130;0;842;1150;75782506;0
136;130;0;841;1150;75782514;0
135;131;0;841;1140;75782521;0
133;132;0;840;1150;75782528;0
132;133;0;840;1140;75782535;0
130;134;0;841;1140;75782542;0
129;135;0;840;1130;75782549;0
128;136;0;840;1120;75782556;0
127;137;0;839;1120;75782563;0
126;138;0;840;1130;75782570;0
125;139;0;839;1130;75782577;0
124;140;0;839;1130;75782584;0
123;141;0;839;1120;75782591;0
122;142;0;839;1110;75782598;0
120;144;0;838;1120;75782605;0
120;145;0;838;1130;75782612;0
119;146;0;839;1140;75782619;0
118;147;0;839;1140;75782626;0
117;149;0;839;1140;75782633;0
117;150;0;839;1140;75782640;0
116;151;0;839;1140;75782647;0
116;152;0;839;1140;75782654;0
116;153;0;838;1140;75782661;0
115;154;0;841;1130;75782668;0
115;155;0;842;1140;75782675;0
114;156;0;838;1160;75782682;0
113;157;0;845;1170;75782689;0
112;158;0;841;1180;75782697;0
111;160;0;842;1180;75782704;0
110;161;0;842;1180;75782711;0
110;162;0;845;1180;75782718;0
109;164;0;842;1190;75782725;0
108;165;0;842;1170;75782732;0
108;166;0;842;1140;75782739;0
107;167;0;842;1140;75782746;0
106;169;0;842;1140;75782753;0
105;170;0;843;1140;75782760;0
104;171;0;843;1140;75782767;0
104;173;0;848;1140;75782774;0
103;174;0;848;1140;75782781;0
102;176;0;844;1140;75782788;0
101;177;0;845;1160;75782795;0
100;179;0;846;1170;75782802;0
99;181;0;844;1190;75782809;0
98;182;0;844;1200;75782816;0
97;184;0;847;1200;75782823;0
97;186;0;844;1200;75782830;0
96;188;0;845;1210;75782837;0
95;189;0;845;1210;75782844;0
94;191;0;844;1210;75782851;0
93;193;0;845;1210;75782858;0
93;194;0;844;1200;75782865;0
92;196;0;848;1200;75782872;0
91;198;0;848;1200;75782880;0
91;199;0;854;1200;75782887;0
90;200;0;835;1200;75782894;0
89;201;0;834;1190;75782901;0
89;203;0;836;1190;75782908;0
89;204;0;832;1190;75782915;0
89;205;0;834;1200;75782922;0
89;205;0;838;1200;75782929;0
89;206;0;834;1200;75782936;0
89;207;0;833;1200;75782943;0
89;208;0;833;1220;75782950;0
89;209;0;835;1220;75782957;0
89;211;0;834;1220;75782964;0
89;212;0;834;1220;75782971;0
88;213;0;833;1210;75782978;0
88;214;0;833;1220;75782985;0
88;215;0;834;1220;75782992;0
88;216;0;835;1230;75782999;0
88;216;0;833;1230;75783006;0
88;217;0;833;1230;75783013;0
88;218;0;833;1230;75783020;0
88;219;0;833;1210;75783027;0
88;220;0;833;1210;75783034;0
89;220;0;836;1210;75783041;0
89;221;0;836;1220;75783048;0
89;222;0;833;1230;75783055;0
89;223;0;833;1240;75783062;0
89;223;0;833;1220;75783070;0
89;224;0;833;1210;75783077;0
89;225;0;833;1200;75783084;0
89;226;0;833;1210;75783091;0
89;227;0;833;1210;75783098;0
89;228;0;834;1210;75783105;0
89;229;0;833;1200;75783112;0
89;230;0;833;1200;75783119;0
90;231;0;833;1190;75783126;0
90;233;0;833;1190;75783133;0
90;234;0;834;1190;75783140;0
91;235;0;833;1190;75783147;0
91;236;0;833;1200;75783154;0
91;237;0;836;1200;75783161;0
92;238;0;833;1200;75783168;0
92;239;0;837;1210;75783175;0
93;240;0;833;1200;75783182;0
93;241;0;833;1200;75783189;0
93;242;0;834;1200;75783196;0
94;243;0;834;1200;75783203;0
94;244;0;834;1180;75783210;0
94;245;0;834;1170;75783217;0
95;246;0;833;1150;75783224;0
95;246;0;833;1150;75783231;0
95;247;0;833;1150;75783238;0
96;248;0;832;1140;75783245;0
96;249;0;833;1140;75783253;0
96;249;0;833;1130;75783260;0
97;250;0;837;1130;75783267;0
97;251;0;833;1130;75783274;0
97;251;0;834;1120;75783281;0
98;252;0;833;1120;75783288;0
98;253;0;834;1120;75783295;0
98;253;0;833;1120;75783302;0
98;254;0;833;1120;75783309;0
99;255;0;832;1120;75783316;0
99;255;0;833;1120;75783323;0
99;256;0;833;1120;75783330;0
100;256;0;833;1120;75783337;0
100;257;0;833;1120;75783344;0
100;257;0;834;1120;75783351;0
101;257;0;833;1120;75783358;0
101;258;0;833;1120;75783365;0
101;258;0;834;1120;75783372;0
102;259;0;833;1120;75783379;0
102;260;0;833;1120;75783386;0
102;260;0;833;1120;75783393;0
103;261;0;833;1120;75783400;0
103;262;0;833;1120;75783407;0
103;262;0;832;1130;75783414;0
104;263;0;833;1130;75783421;0
104;263;0;832;1130;75783428;0
105;264;0;831;1130;75783436;0
105;264;0;833;1130;75783443;0
106;265;0;832;1130;75783450;0
106;266;0;833;1140;75783457;0
107;266;0;833;1140;75783464;0
108;267;0;833;1140;75783471;0
108;268;0;833;1140;75783478;0
108;268;0;832;1170;75783485;0
109;269;0;836;1200;75783492;0
110;270;0;832;1230;75783499;0
111;271;0;832;1230;75783506;0
111;272;0;830;1230;75783513;0
112;272;0;834;1240;75783520;0
113;273;0;835;1250;75783527;0
113;274;0;832;1260;75783534;0
114;275;0;832;1260;75783541;0
115;276;0;830;1260;75783548;0
116;277;0;833;1250;75783555;0
117;277;0;831;1230;75783562;0
117;278;0;832;1220;75783569;0
118;279;0;831;1210;75783576;0
119;280;0;831;1200;75783583;0
119;280;0;830;1200;75783590;0
120;281;0;833;1210;75783597;0
121;282;0;833;1210;75783604;0
121;282;0;834;1200;75783611;0
122;283;0;831;1200;75783618;0
123;284;0;832;1200;75783626;0
123;285;0;830;1180;75783633;0
124;285;0;833;1170;75783640;0
125;286;0;831;1170;75783647;0
125;287;0;831;1190;75783654;0
126;288;0;831;1210;75783661;0
127;288;0;831;1250;75783668;0
128;289;0;832;1280;75783675;0
129;290;0;831;1280;75783682;0
130;290;0;832;1270;75783689;0
130;291;0;832;1270;75783696;0
131;291;0;833;1260;75783703;0
132;292;0;836;1270;75783710;0
133;292;0;836;1270;75783717;0
134;293;0;831;1270;75783724;0
135;293;0;836;1270;75783731;0
136;294;0;832;1290;75783738;0
136;294;0;836;1300;75783745;0
137;295;0;831;1290;75783752;0
138;295;0;831;1280;75783759;0
138;296;0;833;1240;75783766;0
139;297;0;832;1200;75783773;0
140;297;0;832;1180;75783780;0
140;298;0;833;1190;75783787;0
141;298;0;833;1190;75783794;0
142;299;0;833;1180;75783801;0
143;299;0;833;1190;75783809;0
144;300;0;832;1190;75783816;0
145;300;0;835;1200;75783823;0
146;300;0;833;1200;75783830;0
146;301;0;833;1210;75783837;0
147;301;0;833;1220;75783844;0
148;301;0;833;1220;75783851;0
149;302;0;833;1220;75783858;0
150;302;0;833;1220;75783865;0
151;303;0;833;1200;75783872;0
152;303;0;833;1170;75783879;0
153;304;0;833;1170;75783886;0
155;304;0;833;1150;75783893;0
156;304;0;833;1150;75783900;0
157;305;0;833;1170;75783907;0
159;305;0;833;1170;75783914;0
160;305;0;833;1190;75783921;0
161;306;0;833;1200;75783928;0
162;306;0;833;1200;75783935;0
163;307;0;833;1200;75783942;0
165;307;0;833;1190;75783949;0
166;307;0;833;1200;75783956;0
167;308;0;833;1190;75783963;0
168;308;0;833;1200;75783970;0
169;308;0;833;1210;75783977;0
170;309;0;833;1210;75783984;0
171;309;0;833;1210;75783992;0
173;310;0;833;1220;75783999;0
174;310;0;833;1230;75784006;0
175;311;0;833;1230;75784013;0
176;311;0;832;1230;75784020;0
177;312;0;835;1230;75784027;0
178;312;0;833;1230;75784034;0
180;313;0;834;1240;75784041;0
181;313;0;834;1230;75784048;0
182;313;0;834;1240;75784055;0
184;314;0;833;1250;75784062;0
185;314;0;835;1250;75784069;0
187;314;0;834;1250;75784076;0
188;314;0;834;1240;75784083;0
190;315;0;835;1230;75784090;0
191;315;0;835;1250;75784097;0
193;315;0;835;1250;75784104;0
194;316;0;836;1250;75784111;0
196;316;0;834;1250;75784118;0
198;316;0;836;1260;75784125;0
199;316;0;836;1260;75784132;0
201;316;0;836;1280;75784139;0
203;316;0;836;1280;75784146;0
205;316;0;835;1280;75784153;0
207;316;0;836;1300;75784160;0
209;316;0;836;1310;75784167;0
210;316;0;836;1330;75784174;0
212;316;0;836;1350;75784182;0
214;316;0;836;1360;75784189;0
215;316;0;837;1360;75784196;0
217;316;0;836;1360;75784203;0
219;316;0;841;1350;75784210;0
221;316;0;836;1350;75784217;0
223;315;0;839;1340;75784224;0
225;315;0;836;1340;75784231;0
227;315;0;838;1330;75784238;0
230;314;0;838;1330;75784245;0
232;313;0;839;1330;75784252;0
234;313;0;842;1340;75784259;0
236;312;0;839;1340;75784266;0
237;312;0;839;1340;75784273;0
239;311;0;839;1350;75784280;0
240;311;0;839;1340;75784287;0
242;310;0;841;1340;75784294;0
243;310;0;839;1350;75784301;0
244;309;0;839;1350;75784308;0
245;309;0;840;1350;75784315;0
247;309;0;839;1360;75784322;0
248;308;0;839;1360;75784329;0
250;308;0;840;1360;75784336;0
252;308;0;840;1360;75784343;0
253;307;0;841;1370;75784350;0
255;306;0;841;1370;75784357;0
257;305;0;842;1390;75784365;0
259;305;0;841;1400;75784372;0
261;304;0;845;1400;75784379;0
263;303;0;842;1410;75784386;0
264;302;0;842;1410;75784393;0
266;301;0;843;1420;75784400;0
267;300;0;844;1420;75784407;0
269;299;0;844;1420;75784414;0
270;298;0;844;1410;75784421;0
272;297;0;845;1410;75784428;0
274;296;0;845;1410;75784435;0
275;295;0;845;1400;75784442;0
277;293;0;848;1400;75784449;0
279;292;0;845;1390;75784456;0
280;290;0;846;1370;75784463;0
282;289;0;847;1370;75784470;0
283;287;0;846;1370;75784477;0
284;286;0;848;1370;75784484;0
285;284;0;848;1370;75784491;0
286;283;0;848;1370;75784498;0
287;281;0;848;1370;75784505;0
288;280;0;849;1370;75784512;0
289;279;0;849;1370;75784519;0
289;277;0;851;1400;75784526;0
290;276;0;851;1400;75784533;0
291;274;0;851;1410;75784540;0
292;273;0;849;1420;75784548;0
293;272;0;851;1430;75784555;0
294;270;0;850;1430;75784562;0
295;269;0;850;1420;75784569;0
295;267;0;854;1430;75784576;0
296;266;0;851;1420;75784583;0
297;264;0;849;1420;75784590;0
298;263;0;851;1410;75784597;0
299;261;0;851;1430;75784604;0
299;260;0;851;1430;75784611;0
300;258;0;852;1430;75784618;0
301;257;0;851;1430;75784625;0
302;255;0;851;1430;75784632;0
303;254;0;851;1430;75784639;0
304;252;0;854;1420;75784646;0
306;250;0;851;1430;75784653;0
307;248;0;851;1430;75784660;0
308;246;0;851;1440;75784667;0
309;244;0;851;1470;75784674;0
310;242;0;851;1470;75784681;0
312;240;0;851;1480;75784688;0
313;238;0;852;1480;75784695;0
314;236;0;855;1470;75784702;0
315;234;0;852;1470;75784709;0
316;232;0;852;1480;75784716;0
317;230;0;851;1490;75784723;0
318;228;0;852;1500;75784730;0
319;226;0;851;1500;75784738;0
319;225;0;851;1510;75784745;0
320;223;0;853;1520;75784752;0
321;221;0;852;1520;75784759;0
322;218;0;852;1520;75784766;0
323;216;0;851;1510;75784773;0
324;215;0;856;1510;75784780;0
325;213;0;852;1500;75784787;0
326;211;0;854;1500;75784794;0
326;209;0;854;1500;75784801;0
326;208;0;848;1500;75784808;0
326;206;0;856;1500;75784815;0
326;205;0;858;1500;75784822;0
326;203;0;858;1490;75784829;0
326;202;0;858;1490;75784836;0
326;201;0;858;1490;75784843;0
326;200;0;858;1480;75784850;0
326;198;0;858;1480;75784857;0
326;197;0;858;1480;75784864;0
325;195;0;858;1480;75784871;0
325;194;0;835;1480;75784878;0
325;192;0;869;1470;75784885;0
325;190;0;872;1470;75784892;0
325;189;0;872;1460;75784899;0
325;187;0;872;1460;75784906;0
325;185;0;874;1470;75784913;0
325;184;0;875;1470;75784921;0
325;182;0;875;1480;75784928;0
325;180;0;876;1480;75784935;0
325;179;0;877;1480;75784942;0
324;177;0;877;1480;75784949;0
324;175;0;875;1490;75784956;0
324;174;0;877;1510;75784963;0
323;172;0;878;1490;75784970;0
323;170;0;878;1480;75784977;0
322;169;0;878;1500;75784984;0
322;167;0;878;1480;75784991;0
321;165;0;877;1490;75784998;0
320;164;0;878;1490;75785005;0
320;162;0;879;1490;75785012;0
319;160;0;879;1490;75785019;0
318;159;0;877;1490;75785026;0
318;157;0;877;1490;75785033;0
317;155;0;877;1500;75785040;0
316;154;0;881;1500;75785047;0
315;152;0;878;1500;75785054;0
315;151;0;877;1500;75785061;0
314;149;0;877;1510;75785068;0
313;148;0;877;1530;75785075;0
312;146;0;878;1520;75785082;0
311;144;0;877;1490;75785089;0
310;142;0;878;1460;75785096;0
309;141;0;877;1410;75785104;0
308;139;0;877;1400;75785111;0
307;138;0;875;1400;75785118;0
306;136;0;876;1370;75785125;0
305;135;0;876;1390;75785132;0
304;133;0;876;1410;75785139;0
302;132;0;875;1420;75785146;0
301;130;0;875;1440;75785153;0
300;129;0;876;1450;75785160;0
299;127;0;875;1450;75785167;0
298;125;0;876;1460;75785174;0
298;124;0;874;1470;75785181;0
297;122;0;875;1480;75785188;0
296;121;0;874;1490;75785195;0
295;119;0;875;1490;75785202;0
294;117;0;874;1480;75785209;0
293;116;0;874;1480;75785216;0
292;114;0;874;1460;75785223;0
291;113;0;873;1450;75785230;0
290;112;0;873;1450;75785237;0
289;110;0;872;1450;75785244;0
288;109;0;872;1440;75785251;0
287;107;0;871;1450;75785258;0
286;106;0;871;1460;75785265;0
285;105;0;871;1470;75785272;0
284;103;0;871;1480;75785279;0
283;102;0;870;1490;75785287;0
281;101;0;869;1500;75785294;0
280;99;0;868;1530;75785301;0
279;98;0;868;1540;75785308;0
277;97;0;869;1550;75785315;0
276;95;0;866;1550;75785322;0
275;94;0;865;1550;75785329;0
273;93;0;865;1550;75785336;0
272;91;0;865;1540;75785343;0
271;90;0;865;1530;75785350;0
270;88;0;864;1530;75785357;0
269;87;0;863;1510;75785364;0
267;86;0;863;1510;75785371;0
266;84;0;862;1510;75785378;0
265;83;0;861;1500;75785385;0
263;82;0;860;1500;75785392;0
262;81;0;863;1490;75785399;0
261;79;0;860;1490;75785406;0
259;78;0;859;1470;75785413;0
258;77;0;858;1450;75785420;0
256;76;0;862;1430;75785427;0
254;74;0;858;1440;75785434;0
253;73;0;856;1470;75785441;0
251;72;0;858;1510;75785448;0
249;70;0;855;1540;75785455;0
248;69;0;854;1550;75785462;0
246;68;0;853;1550;75785469;0
244;68;0;851;1550;75785477;0
242;67;0;850;1560;75785484;0
240;66;0;851;1550;75785491;0
238;65;0;850;1550;75785498;0
236;64;0;850;1550;75785505;0
235;63;0;848;1560;75785512;0
233;63;0;847;1560;75785519;0
231;62;0;848;1560;75785526;0
229;61;0;848;1560;75785533;0
228;61;0;851;1570;75785540;0
226;60;0;846;1580;75785547;0
224;59;0;848;1580;75785554;0
222;59;0;845;1580;75785561;0
220;58;0;848;1590;75785568;0
218;57;0;845;1590;75785575;0
216;57;0;846;1590;75785582;0
214;57;0;845;1590;75785589;0
212;56;0;845;1580;75785596;0
210;56;0;844;1560;75785603;0
207;55;0;848;1540;75785610;0
204;55;0;844;1510;75785617;0
202;55;0;848;1530;75785624;0
200;54;0;842;1540;75785631;0
197;54;0;843;1550;75785638;0
195;54;0;843;1550;75785645;0
192;54;0;846;1530;75785652;0
190;54;0;842;1480;75785660;0
187;54;0;840;1460;75785667;0
185;54;0;840;1440;75785674;0
183;54;0;843;1430;75785681;0
180;54;0;839;1420;75785688;0
178;54;0;842;1420;75785695;0
176;54;0;839;1420;75785702;0
174;54;0;839;1420;75785709;0
172;54;0;843;1430;75785716;0
170;54;0;838;1430;75785723;0
169;55;0;842;1430;75785730;0
167;55;0;839;1410;75785737;0
165;55;0;838;1410;75785744;0
163;55;0;839;1400;75785751;0
161;55;0;842;1380;75785758;0
159;56;0;841;1400;75785765;0
157;56;0;837;1400;75785772;0
155;56;0;836;1410;75785779;0
153;56;0;836;1430;75785786;0
151;56;0;836;1450;75785793;0
149;57;0;836;1460;75785800;0
147;57;0;841;1440;75785807;0
145;58;0;835;1430;75785814;0
143;58;0;835;1390;75785821;0
141;59;0;834;1360;75785828;0
139;59;0;838;1350;75785835;0
137;60;0;839;1310;75785843;0
135;60;0;835;1310;75785850;0
133;61;0;837;1270;75785857;0
131;62;0;837;1280;75785864;0
129;62;0;835;1280;75785871;0
127;63;0;834;1270;75785878;0
125;64;0;835;1270;75785885;0
124;65;0;833;1260;75785892;0
122;66;0;836;1250;75785899;0
120;67;0;836;1240;75785906;0
118;68;0;837;1230;75785913;0
116;69;0;833;1220;75785920;0
114;70;0;835;1210;75785927;0
112;70;0;836;1270;75785934;0
110;71;0;835;1330;75785941;0
108;72;0;832;1380;75785948;0
105;73;0;836;1420;75785955;0
103;74;0;836;1400;75785962;0
102;75;0;833;1390;75785969;0
100;76;0;834;1410;75785976;0
98;76;0;833;1410;75785983;0
96;77;0;838;1410;75785990;0
94;78;0;835;1410;75785997;0
93;79;0;835;1390;75786004;0
91;80;0;834;1390;75786011;0
90;81;0;833;1370;75786018;0
89;82;0;836;1370;75786025;0
88;83;0;833;1370;75786033;0
87;84;0;834;1350;75786040;0
86;85;0;834;1360;75786047;0
84;86;0;834;1340;75786054;0
83;88;0;835;1330;75786061;0
81;89;0;834;1360;75786068;0
79;90;0;833;1370;75786075;0
77;92;0;834;1430;75786082;0
75;93;0;835;1470;75786089;0
74;95;0;835;1370;75786096;0
72;96;0;835;1310;75786103;0
70;97;0;835;1240;75786110;0
68;98;0;836;1170;75786117;0
67;100;0;835;1160;75786124;0
65;101;0;836;1160;75786131;0
64;102;0;836;1150;75786138;0
62;104;0;836;1160;75786145;0
61;105;0;836;1160;75786152;0
60;106;0;838;1170;75786159;0
59;108;0;839;1200;75786166;0
58;109;0;836;1230;75786173;0
57;110;0;836;1250;75786180;0
56;112;0;837;1240;75786187;0
55;113;0;838;1220;75786194;0
54;115;0;838;1220;75786201;0
53;116;0;839;1210;75786208;0
51;118;0;839;1200;75786216;0
50;120;0;838;1190;75786223;0
49;122;0;839;1180;75786230;0
48;124;0;843;1170;75786237;0
46;126;0;839;1160;75786244;0
45;128;0;839;1150;75786251;0
44;130;0;839;1140;75786258;0
43;132;0;839;1140;75786265;0
42;134;0;839;1130;75786272;0
41;136;0;839;1130;75786279;0
40;139;0;840;1130;75786286;0
39;140;0;840;1140;75786293;0
39;142;0;839;1160;75786300;0
38;144;0;841;1180;75786307;0
38;146;0;841;1200;75786314;0
38;148;0;839;1210;75786321;0
37;149;0;839;1220;75786328;0
37;151;0;839;1210;75786335;0
37;153;0;842;1200;75786342;0
36;154;0;839;1210;75786349;0
36;155;0;840;1210;75786356;0
36;157;0;839;1220;75786363;0
35;158;0;839;1220;75786370;0
35;160;0;839;1220;75786377;0
34;161;0;838;1210;75786384;0
34;163;0;839;1220;75786391;0
33;164;0;839;1220;75786399;0
33;166;0;842;1220;75786406;0
32;168;0;838;1220;75786413;0
32;169;0;838;1210;75786420;0
32;171;0;837;1220;75786427;0
31;173;0;837;1220;75786434;0
31;174;0;836;1220;75786441;0
30;176;0;836;1200;75786448;0
30;177;0;836;1200;75786455;0
30;179;0;836;1190;75786462;0
29;181;0;836;1180;75786469;0
29;183;0;834;1180;75786476;0
28;184;0;835;1170;75786483;0
28;186;0;834;1170;75786490;0
28;188;0;834;1180;75786497;0
28;190;0;833;1160;75786504;0
27;192;0;833;1160;75786511;0
27;194;0;832;1170;75786518;0
27;196;0;833;1210;75786525;0
27;198;0;830;1210;75786532;0
27;199;0;822;1270;75786539;0
26;201;0;820;1270;75786546;0
26;203;0;819;1280;75786553;0
26;204;0;820;1290;75786560;0
26;206;0;816;1240;75786567;0
26;207;0;817;1300;75786574;0
26;208;0;816;1240;75786581;0
26;210;0;815;1300;75786589;0
26;211;0;818;1300;75786596;0
26;213;0;813;1290;75786603;0
26;215;0;814;1300;75786610;0
26;216;0;814;1240;75786617;0
26;218;0;814;1300;75786624;0
26;220;0;815;1250;75786631;0
26;222;0;815;1240;75786638;0
26;224;0;817;1230;75786645;0
26;226;0;814;1170;75786652;0
26;227;0;812;1160;75786659;0
26;229;0;812;1160;75786666;0
26;231;0;812;1160;75786673;0
26;233;0;812;1160;75786680;0
26;235;0;814;1160;75786687;0
26;237;0;813;1160;75786694;0
26;239;0;812;1160;75786701;0
26;241;0;813;1160;75786708;0
26;244;0;813;1170;75786715;0
27;246;0;812;1160;75786722;0
27;247;0;816;1140;75786729;0
27;249;0;811;1140;75786736;0
27;251;0;810;1130;75786743;0
27;253;0;806;1130;75786750;0
28;255;0;801;1120;75786757;0
28;257;0;800;1120;75786764;0
28;258;0;797;1130;75786772;0
28;260;0;794;1130;75786779;0
29;262;0;794;1140;75786786;0
29;264;0;793;1140;75786793;0
30;266;0;792;1140;75786800;0
30;267;0;792;1140;75786807;0
31;269;0;792;1140;75786814;0
31;270;0;792;1140;75786821;0
31;272;0;790;1140;75786828;0
32;273;0;790;1140;75786835;0
33;275;0;792;1140;75786842;0
33;276;0;788;1140;75786849;0
34;278;0;787;1140;75786856;0
34;279;0;788;1140;75786863;0
35;280;0;786;1140;75786870;0
35;282;0;785;1140;75786877;0
36;283;0;786;1140;75786884;0
36;284;0;785;1140;75786891;0
37;285;0;783;1140;75786898;0
37;286;0;784;1140;75786905;0
38;288;0;784;1140;75786912;0
38;289;0;784;1140;75786919;0
39;290;0;783;1140;75786926;0
39;291;0;784;1140;75786933;0
40;292;0;783;1140;75786940;0
40;294;0;783;1130;75786947;0
41;295;0;784;1110;75786955;0
41;296;0;782;1100;75786962;0
42;297;0;782;1080;75786969;0
43;298;0;781;1080;75786976;0
43;299;0;782;1080;75786983;0
44;300;0;783;1090;75786990;0
44;301;0;782;1090;75786997;0
45;301;0;781;1090;75787004;0
46;302;0;783;1090;75787011;0
46;303;0;784;1090;75787018;0
47;304;0;782;1100;75787025;0
48;305;0;783;1100;75787032;0
48;306;0;782;1100;75787039;0
49;306;0;780;1110;75787046;0
51;307;0;785;1120;75787053;0
52;308;0;781;1140;75787060;0
53;309;0;784;1150;75787067;0
54;309;0;782;1150;75787074;0
55;310;0;782;1150;75787081;0
56;311;0;781;1160;75787088;0
57;312;0;782;1190;75787095;0
58;313;0;782;1210;75787102;0
59;314;0;783;1210;75787109;0
60;315;0;782;1210;75787116;0
61;316;0;782;1220;75787123;0
62;317;0;782;1180;75787130;0
63;317;0;782;1150;75787137;0
65;318;0;782;1140;75787145;0
66;319;0;782;1110;75787152;0
67;320;0;782;1110;75787159;0
68;321;0;782;1140;75787166;0
70;322;0;782;1120;75787173;0
72;323;0;782;1110;75787180;0
73;324;0;784;1110;75787187;0
75;325;0;782;1110;75787194;0
76;326;0;782;1140;75787201;0
78;326;0;781;1170;75787208;0
79;327;0;781;1200;75787215;0
81;328;0;781;1190;75787222;0
82;329;0;782;1170;75787229;0
83;330;0;782;1160;75787236;0
84;332;0;781;1160;75787243;0
85;333;0;785;1140;75787250;0
86;334;0;781;1140;75787257;0
87;335;0;775;1140;75787264;0
88;336;0;782;1140;75787271;0
89;338;0;782;1140;75787278;0
90;340;0;782;1140;75787285;0
91;341;0;782;1140;75787292;0
92;343;0;782;1110;75787299;0
94;344;0;782;1120;75787306;0
95;345;0;782;1140;75787313;0
96;346;0;784;1140;75787320;0
97;347;0;782;1140;75787328;0
98;348;0;782;1140;75787335;0
100;349;0;782;1130;75787342;0
101;350;0;782;1130;75787349;0
103;351;0;783;1130;75787356;0
104;351;0;785;1120;75787363;0
105;352;0;782;1130;75787370;0
107;353;0;784;1120;75787377;0
108;354;0;783;1120;75787384;0
110;355;0;776;1140;75787391;0
112;355;0;785;1140;75787398;0
113;356;0;784;1150;75787405;0
114;357;0;788;1140;75787412;0
116;357;0;783;1140;75787419;0
117;358;0;784;1130;75787426;0
119;359;0;786;1120;75787433;0
120;359;0;783;1130;75787440;0
121;360;0;784;1130;75787447;0
123;360;0;784;1130;75787454;0
124;361;0;782;1130;75787461;0
125;362;0;784;1130;75787468;0
127;362;0;783;1130;75787475;0
128;363;0;784;1140;75787482;0
129;363;0;785;1170;75787489;0
130;364;0;785;1200;75787496;0
132;364;0;787;1200;75787503;0
133;365;0;784;1200;75787511;0
135;365;0;785;1200;75787518;0
136;366;0;784;1200;75787525;0
138;366;0;785;1200;75787532;0
139;367;0;785;1220;75787539;0
141;367;0;785;1220;75787546;0
142;368;0;784;1230;75787553;0
144;368;0;784;1230;75787560;0
145;369;0;785;1250;75787567;0
147;369;0;785;1230;75787574;0
148;369;0;786;1240;75787581;0
150;370;0;787;1230;75787588;0
152;371;0;785;1230;75787595;0
153;371;0;788;1240;75787602;0
155;372;0;785;1240;75787609;0
156;372;0;788;1220;75787616;0
158;372;0;785;1220;75787623;0
159;373;0;784;1230;75787630;0
161;373;0;785;1220;75787637;0
162;373;0;786;1240;75787644;0
163;374;0;785;1230;75787651;0
164;374;0;785;1250;75787658;0
166;375;0;787;1250;75787665;0
167;375;0;786;1250;75787672;0
169;375;0;786;1260;75787679;0
170;376;0;786;1250;75787686;0
172;376;0;786;1250;75787693;0
174;376;0;786;1260;75787701;0
175;376;0;788;1260;75787708;0
177;377;0;787;1260;75787715;0
178;377;0;792;1260;75787722;0
180;378;0;787;1250;75787729;0
182;378;0;788;1260;75787736;0
183;378;0;787;1260;75787743;0
185;378;0;790;1260;75787750;0
187;379;0;788;1260;75787757;0
189;379;0;788;1260;75787764;0
191;379;0;788;1250;75787771;0
193;379;0;788;1260;75787778;0
195;379;0;788;1260;75787785;0
197;379;0;788;1280;75787792;0
199;379;0;789;1280;75787799;0
201;379;0;790;1270;75787806;0
203;379;0;790;1270;75787813;0
205;379;0;793;1270;75787820;0
207;379;0;790;1300;75787827;0
209;379;0;792;1340;75787834;0
211;379;0;792;1370;75787841;0
213;380;0;792;1400;75787848;0
214;380;0;792;1400;75787855;0
216;380;0;792;1400;75787862;0
218;380;0;792;1400;75787869;0
220;380;0;792;1400;75787876;0
222;380;0;792;1400;75787884;0
223;380;0;792;1380;75787891;0
225;380;0;794;1380;75787898;0
227;381;0;792;1380;75787905;0
229;381;0;794;1380;75787912;0
231;381;0;794;1370;75787919;0
233;381;0;793;1370;75787926;0
235;380;0;793;1380;75787933;0
237;380;0;795;1390;75787940;0
238;380;0;797;1390;75787947;0
241;379;0;793;1400;75787954;0
243;379;0;792;1400;75787961;0
245;378;0;793;1420;75787968;0
247;378;0;793;1400;75787975;0
249;377;0;793;1420;75787982;0
251;377;0;792;1430;75787989;0
253;376;0;792;1420;75787996;0
255;376;0;793;1430;75788003;0
258;375;0;792;1440;75788010;0
260;374;0;795;1460;75788017;0
262;374;0;793;1460;75788024;0
264;373;0;794;1460;75788031;0
266;373;0;793;1470;75788038;0
268;372;0;793;1460;75788045;0
270;371;0;794;1460;75788052;0
272;371;0;792;1450;75788059;0
274;370;0;794;1450;75788067;0
276;369;0;793;1450;75788074;0
278;369;0;794;1450;75788081;0
280;368;0;794;1450;75788088;0
282;367;0;786;1460;75788095;0
284;366;0;793;1460;75788102;0
285;365;0;794;1460;75788109;0
287;364;0;788;1450;75788116;0
289;363;0;794;1450;75788123;0
291;362;0;797;1460;75788130;0
292;361;0;795;1460;75788137;0
294;360;0;795;1460;75788144;0
296;359;0;795;1460;75788151;0
298;358;0;795;1450;75788158;0
300;357;0;796;1450;75788165;0
302;356;0;795;1450;75788172;0
303;355;0;795;1460;75788179;0
305;354;0;797;1460;75788186;0
307;353;0;796;1470;75788193;0
308;352;0;795;1460;75788200;0
310;351;0;796;1460;75788207;0
311;349;0;796;1450;75788214;0
312;348;0;797;1450;75788221;0
313;347;0;799;1450;75788228;0
315;346;0;800;1460;75788235;0
316;345;0;796;1470;75788242;0
318;344;0;797;1460;75788249;0
319;342;0;797;1450;75788257;0
321;340;0;797;1440;75788264;0
322;339;0;798;1420;75788271;0
324;338;0;797;1410;75788278;0
325;336;0;797;1400;75788285;0
327;335;0;796;1390;75788292;0
329;333;0;789;1390;75788299;0
330;332;0;796;1390;75788306;0
332;330;0;796;1390;75788313;0
334;329;0;797;1410;75788320;0
335;327;0;797;1410;75788327;0
337;326;0;799;1420;75788334;0
338;324;0;797;1420;75788341;0
339;323;0;796;1420;75788348;0
340;321;0;797;1420;75788355;0
341;320;0;799;1420;75788362;0
342;318;0;798;1420;75788369;0
343;316;0;799;1430;75788376;0
344;314;0;797;1420;75788383;0
345;312;0;799;1430;75788390;0
346;310;0;799;1420;75788397;0
347;308;0;799;1400;75788404;0
349;306;0;799;1410;75788411;0
350;304;0;800;1400;75788418;0
351;303;0;798;1390;75788425;0
353;301;0;800;1390;75788432;0
354;299;0;797;1370;75788440;0
355;297;0;799;1390;75788447;0
357;295;0;800;1390;75788454;0
358;293;0;799;1400;75788461;0
359;290;0;800;1410;75788468;0
360;288;0;800;1400;75788475;0
361;286;0;800;1400;75788482;0
363;284;0;800;1400;75788489;0
364;282;0;801;1410;75788496;0
365;280;0;801;1410;75788503;0
366;278;0;800;1410;75788510;0
368;275;0;803;1420;75788517;0
369;273;0;803;1430;75788524;0
370;271;0;801;1430;75788531;0
372;268;0;801;1430;75788538;0
373;266;0;806;1420;75788545;0
374;263;0;802;1430;75788552;0
375;261;0;806;1430;75788559;0
376;259;0;802;1420;75788566;0
377;256;0;803;1420;75788573;0
377;254;0;804;1420;75788580;0
378;252;0;804;1420;75788587;0
379;250;0;805;1440;75788594;0
380;248;0;803;1460;75788601;0
380;246;0;807;1470;75788608;0
381;243;0;806;1470;75788615;0
382;241;0;806;1460;75788623;0
383;239;0;805;1460;75788630;0
383;236;0;809;1460;75788637;0
384;234;0;805;1470;75788644;0
385;232;0;807;1480;75788651;0
386;229;0;806;1490;75788658;0
386;227;0;806;1500;75788665;0
387;225;0;807;1500;75788672;0
387;223;0;809;1520;75788679;0
387;221;0;808;1520;75788686;0
388;219;0;812;1520;75788693;0
388;217;0;809;1520;75788700;0
388;215;0;812;1520;75788707;0
389;213;0;809;1510;75788714;0
389;212;0;810;1510;75788721;0
389;210;0;809;1520;75788728;0
390;208;0;810;1510;75788735;0
390;207;0;812;1510;75788742;0
390;206;0;812;1500;75788749;0
390;205;0;812;1490;75788756;0
390;203;0;813;1490;75788763;0
390;203;0;816;1490;75788770;0
390;202;0;817;1490;75788777;0
390;201;0;819;1500;75788784;0
390;201;0;819;1490;75788791;0
390;200;0;820;1490;75788798;0
390;200;0;819;1490;75788806;0
390;199;0;820;1490;75788813;0
390;199;0;812;1490;75788820;0
390;199;0;819;1490;75788827;0
390;199;0;820;1490;75788834;0
390;198;0;821;1490;75788841;0
390;198;0;821;1480;75788848;0
390;198;0;822;1480;75788855;0
390;198;0;823;1480;75788862;0
390;197;0;825;1480;75788869;0
390;197;0;825;1480;75788876;0
390;197;0;803;1480;75788883;0
390;196;0;825;1470;75788890;0
390;196;0;842;1480;75788897;0
390;196;0;845;1480;75788904;0
390;196;0;845;1470;75788911;0
390;196;0;830;1480;75788918;0
390;196;0;831;1480;75788925;0
390;196;0;832;1470;75788932;0
390;196;0;848;1470;75788939;0
390;196;0;848;1480;75788946;0
390;196;0;832;1480;75788953;0
390;196;0;833;1480;75788960;0
390;196;0;830;1470;75788967;0
391;197;0;844;1480;75788974;0
391;197;0;820;1480;75788981;0
391;198;0;818;1480;75788988;0
392;199;0;771;1490;75788996;0
392;200;0;668;1510;75789003;0
392;200;0;430;1520;75789010;0
391;199;0;171;1540;75789017;0
194;200;0;55;1220;75797182;1
194;200;0;100;1220;75797189;1
194;199;0;136;1210;75797196;1
194;199;0;181;1220;75797203;1
194;199;0;216;1220;75797210;1
194;198;0;235;1220;75797217;1
194;198;0;247;1220;75797224;1
194;198;0;264;1210;75797231;1
194;198;0;272;1200;75797238;1
194;197;0;293;1190;75797245;1
194;197;0;297;1190;75797252;1
194;197;0;301;1190;75797259;1
194;197;0;309;1190;75797266;1
194;197;0;323;1200;75797273;1
194;197;0;341;1190;75797280;1
193;197;0;353;1190;75797287;1
193;197;0;360;1190;75797294;1
192;197;0;373;1190;75797301;1
192;197;0;387;1210;75797308;1
192;197;0;398;1220;75797316;1
192;197;0;410;1220;75797323;1
192;198;0;421;1230;75797330;1
192;198;0;429;1210;75797337;1
192;198;0;440;1210;75797344;1
192;198;0;446;1220;75797351;1
192;198;0;455;1210;75797358;1
192;198;0;460;1210;75797365;1
192;198;0;467;1220;75797372;1
193;198;0;477;1230;75797379;1
193;198;0;488;1230;75797386;1
193;197;0;484;1210;75797393;1
193;197;0;504;1200;75797400;1
194;197;0;512;1190;75797407;1
194;197;0;522;1200;75797414;1
194;196;0;534;1210;75797421;1
195;196;0;543;1210;75797428;1
195;195;0;550;1220;75797435;1
196;195;0;556;1230;75797442;1
196;195;0;563;1230;75797449;1
197;194;0;570;1240;75797456;1
197;194;0;576;1250;75797463;1
198;193;0;583;1250;75797470;1
198;193;0;590;1250;75797477;1
199;192;0;598;1270;75797484;1
199;192;0;605;1270;75797491;1
200;191;0;611;1270;75797498;1
200;191;0;614;1270;75797506;1
200;190;0;622;1280;75797513;1
200;190;0;627;1280;75797520;1
200;189;0;629;1280;75797527;1
200;189;0;635;1290;75797534;1
200;189;0;640;1270;75797541;1
200;188;0;641;1270;75797548;1
200;188;0;648;1280;75797555;1
200;187;0;651;1280;75797562;1
199;187;0;653;1290;75797569;1
199;186;0;655;1290;75797576;1
199;185;0;657;1290;75797583;1
199;185;0;657;1290;75797590;1
198;184;0;661;1290;75797597;1
198;184;0;662;1290;75797604;1
198;183;0;663;1300;75797611;1
198;182;0;664;1310;75797618;1
198;182;0;666;1310;75797625;1
198;181;0;668;1320;75797632;1
197;181;0;669;1310;75797639;1
197;181;0;672;1310;75797646;1
197;180;0;674;1310;75797653;1
196;180;0;675;1310;75797660;1
196;180;0;676;1310;75797667;1
195;179;0;679;1310;75797674;1
194;179;0;678;1300;75797681;1
193;179;0;679;1300;75797689;1
193;178;0;681;1300;75797696;1
192;178;0;681;1300;75797703;1
191;178;0;680;1300;75797710;1
190;178;0;681;1300;75797717;1
189;178;0;681;1290;75797724;1
188;178;0;682;1290;75797731;1
188;178;0;684;1280;75797738;1
187;178;0;683;1280;75797745;1
186;178;0;683;1280;75797752;1
186;178;0;681;1290;75797759;1
185;178;0;685;1290;75797766;1
184;178;0;682;1290;75797773;1
184;178;0;684;1290;75797780;1
184;178;0;684;1300;75797787;1
183;178;0;684;1300;75797794;1
182;178;0;685;1290;75797801;1
182;178;0;684;1290;75797808;1
181;178;0;684;1290;75797815;1
181;178;0;684;1290;75797822;1
180;178;0;688;1280;75797829;1
179;179;0;685;1290;75797836;1
177;179;0;685;1290;75797843;1
176;180;0;684;1290;75797850;1
175;181;0;684;1300;75797857;1
173;181;0;684;1300;75797864;1
172;182;0;686;1300;75797872;1
171;183;0;684;1290;75797879;1
170;184;0;684;1290;75797886;1
169;184;0;684;1280;75797893;1
169;185;0;684;1290;75797900;1
168;186;0;684;1280;75797907;1
167;187;0;687;1270;75797914;1
167;189;0;683;1270;75797921;1
166;190;0;682;1250;75797928;1
165;192;0;683;1250;75797935;1
165;193;0;682;1230;75797942;1
164;195;0;682;1220;75797949;1
163;197;0;682;1210;75797956;1
163;199;0;682;1200;75797963;1
162;201;0;677;1190;75797970;1
162;202;0;690;1180;75797977;1
161;203;0;673;1170;75797984;1
161;205;0;680;1170;75797991;1
161;206;0;684;1160;75797998;1
160;207;0;687;1170;75798005;1
160;209;0;693;1170;75798012;1
160;210;0;696;1170;75798019;1
160;212;0;702;1180;75798026;1
159;214;0;703;1170;75798033;1
159;216;0;705;1180;75798040;1
159;218;0;709;1200;75798047;1
158;220;0;712;1200;75798054;1
158;222;0;714;1230;75798062;1
158;224;0;717;1240;75798069;1
158;225;0;720;1240;75798076;1
158;227;0;721;1220;75798083;1
158;228;0;726;1200;75798090;1
159;230;0;726;1190;75798097;1
159;231;0;729;1150;75798104;1
160;232;0;730;1150;75798111;1
161;233;0;732;1150;75798118;1
161;234;0;733;1160;75798125;1
162;235;0;736;1180;75798132;1
164;236;0;739;1200;75798139;1
165;237;0;739;1190;75798146;1
166;238;0;740;1210;75798153;1
167;239;0;742;1210;75798160;1
168;240;0;744;1210;75798167;1
169;241;0;745;1190;75798174;1
171;242;0;747;1190;75798181;1
172;243;0;748;1190;75798188;1
174;244;0;748;1190;75798195;1
175;245;0;750;1190;75798202;1
177;246;0;752;1190;75798209;1
178;247;0;753;1180;75798216;1
180;247;0;754;1180;75798223;1
181;248;0;754;1180;75798230;1
183;249;0;755;1160;75798237;1
184;250;0;757;1150;75798245;1
186;250;0;757;1140;75798252;1
187;251;0;759;1140;75798259;1
189;251;0;760;1150;75798266;1
190;251;0;760;1150;75798273;1
192;251;0;762;1150;75798280;1
193;251;0;764;1160;75798287;1
195;251;0;767;1160;75798294;1
197;251;0;770;1160;75798301;1
199;251;0;772;1160;75798308;1
201;250;0;773;1160;75798315;1
203;250;0;773;1170;75798322;1
205;249;0;774;1180;75798329;1
207;249;0;774;1190;75798336;1
209;249;0;774;1220;75798343;1
210;248;0;775;1240;75798350;1
212;248;0;775;1250;75798357;1
213;248;0;775;1250;75798364;1
214;247;0;776;1270;75798371;1
216;247;0;780;1270;75798378;1
217;246;0;778;1270;75798385;1
218;245;0;787;1270;75798392;1
219;244;0;788;1270;75798399;1
221;243;0;794;1270;75798406;1
222;241;0;800;1280;75798413;1
224;239;0;804;1280;75798420;1
226;237;0;809;1290;75798428;1
228;234;0;810;1290;75798435;1
230;232;0;815;1300;75798442;1
231;230;0;814;1320;75798449;1
233;228;0;815;1330;75798456;1
235;226;0;816;1340;75798463;1
236;225;0;816;1350;75798470;1
237;223;0;816;1360;75798477;1
239;222;0;816;1360;75798484;1
240;221;0;816;1370;75798491;1
241;220;0;818;1380;75798498;1
242;218;0;821;1380;75798505;1
242;217;0;823;1380;75798512;1
243;216;0;827;1370;75798519;1
244;215;0;831;1390;75798526;1
245;214;0;836;1390;75798533;1
245;212;0;839;1390;75798540;1
246;210;0;839;1370;75798547;1
247;208;0;840;1370;75798554;1
249;206;0;841;1370;75798561;1
250;204;0;842;1360;75798568;1
250;202;0;843;1390;75798575;1
251;200;0;844;1390;75798582;1
252;198;0;845;1390;75798589;1
252;196;0;847;1400;75798596;1
252;194;0;830;1400;75798603;1
253;192;0;862;1390;75798610;1
253;190;0;869;1390;75798618;1
253;188;0;871;1390;75798625;1
253;186;0;868;1390;75798632;1
253;184;0;869;1400;75798639;1
253;182;0;872;1410;75798646;1
253;180;0;872;1410;75798653;1
252;178;0;872;1420;75798660;1
252;176;0;872;1420;75798667;1
252;174;0;872;1420;75798674;1
252;172;0;874;1420;75798681;1
251;170;0;875;1420;75798688;1
250;169;0;875;1420;75798695;1
249;167;0;876;1420;75798702;1
248;165;0;876;1420;75798709;1
247;164;0;877;1420;75798716;1
246;162;0;876;1410;75798723;1
246;161;0;876;1410;75798730;1
245;159;0;876;1410;75798737;1
244;157;0;878;1410;75798744;1
243;156;0;879;1400;75798751;1
243;155;0;880;1400;75798758;1
242;154;0;879;1410;75798765;1
241;153;0;878;1410;75798772;1
240;152;0;878;1410;75798779;1
239;151;0;875;1410;75798786;1
238;150;0;876;1410;75798793;1
236;149;0;875;1420;75798801;1
235;148;0;872;1440;75798808;1
233;146;0;876;1430;75798815;1
232;145;0;871;1410;75798822;1
230;144;0;870;1380;75798829;1
229;143;0;870;1360;75798836;1
227;142;0;869;1360;75798843;1
226;141;0;869;1360;75798850;1
224;140;0;868;1360;75798857;1
223;140;0;868;1360;75798864;1
222;139;0;866;1360;75798871;1
220;139;0;865;1370;75798878;1
219;138;0;863;1370;75798885;1
218;138;0;863;1370;75798892;1
216;138;0;861;1370;75798899;1
215;137;0;863;1370;75798906;1
214;137;0;860;1370;75798913;1
213;136;0;863;1370;75798920;1
211;136;0;859;1360;75798927;1
210;135;0;859;1340;75798934;1
210;134;0;859;1350;75798941;1
209;134;0;859;1340;75798948;1
208;133;0;862;1330;75798955;1
208;132;0;858;1330;75798962;1
207;132;0;858;1320;75798969;1
206;131;0;856;1360;75798976;1
204;131;0;858;1370;75798984;1
203;130;0;858;1390;75798991;1
202;129;0;858;1400;75798998;1
200;129;0;856;1380;75799005;1
199;129;0;855;1380;75799012;1
197;129;0;856;1380;75799019;1
196;128;0;856;1390;75799026;1
194;128;0;855;1390;75799033;1
193;128;0;854;1400;75799040;1
191;128;0;853;1400;75799047;1
189;128;0;852;1400;75799054;1
188;128;0;849;1400;75799061;1
186;128;0;848;1390;75799068;1
184;128;0;845;1390;75799075;1
182;129;0;844;1370;75799082;1
180;129;0;845;1370;75799089;1
178;129;0;839;1380;75799096;1
177;130;0;840;1370;75799103;1
175;130;0;835;1360;75799110;1
173;130;0;836;1350;75799117;1
172;130;0;836;1340;75799124;1
170;131;0;833;1320;75799131;1
169;131;0;833;1310;75799138;1
167;131;0;832;1300;75799145;1
166;132;0;831;1290;75799152;1
164;133;0;832;1270;75799159;1
162;134;0;831;1240;75799166;1
160;135;0;828;1210;75799174;1
157;136;0;827;1180;75799181;1
154;137;0;825;1170;75799188;1
151;139;0;825;1160;75799195;1
149;141;0;823;1150;75799202;1
147;142;0;823;1140;75799209;1
145;144;0;822;1140;75799216;1
143;145;0;821;1120;75799223;1
141;146;0;825;1130;75799230;1
139;148;0;821;1120;75799237;1
138;149;0;821;1130;75799244;1
137;151;0;822;1140;75799251;1
135;152;0;821;1140;75799258;1
134;154;0;820;1140;75799265;1
132;156;0;822;1140;75799272;1
130;158;0;819;1130;75799279;1
129;160;0;823;1130;75799286;1
127;163;0;825;1140;75799293;1
125;165;0;819;1150;75799300;1
124;168;0;818;1170;75799307;1
122;170;0;818;1200;75799314;1
121;173;0;819;1200;75799321;1
120;175;0;818;1230;75799328;1
118;178;0;818;1240;75799335;1
117;180;0;818;1250;75799342;1
116;183;0;820;1260;75799349;1
115;185;0;817;1260;75799357;1
115;188;0;817;1280;75799364;1
114;191;0;820;1280;75799371;1
113;194;0;817;1280;75799378;1
113;196;0;817;1230;75799385;1
112;199;0;815;1180;75799392;1
112;201;0;817;1170;75799399;1
112;203;0;811;1160;75799406;1
112;205;0;799;1190;75799413;1
112;207;0;806;1220;75799420;1
111;209;0;809;1230;75799427;1
111;212;0;806;1250;75799434;1
111;214;0;806;1250;75799441;1
112;216;0;807;1240;75799448;1
112;219;0;808;1240;75799455;1
112;221;0;807;1240;75799462;1
112;223;0;808;1240;75799469;1
112;225;0;807;1250;75799476;1
112;228;0;809;1250;75799483;1
112;230;0;807;1250;75799490;1
112;232;0;809;1250;75799497;1
112;234;0;808;1270;75799504;1
112;237;0;809;1280;75799511;1
112;239;0;810;1270;75799518;1
113;241;0;809;1280;75799525;1
113;244;0;810;1280;75799532;1
113;246;0;810;1260;75799540;1
113;248;0;811;1230;75799547;1
113;250;0;810;1200;75799554;1
113;252;0;812;1170;75799561;1
113;254;0;810;1180;75799568;1
114;255;0;809;1180;75799575;1
114;257;0;810;1170;75799582;1
115;259;0;809;1170;75799589;1
116;260;0;810;1170;75799596;1
117;262;0;809;1170;75799603;1
117;264;0;811;1180;75799610;1
118;265;0;810;1180;75799617;1
119;266;0;810;1190;75799624;1
119;268;0;812;1190;75799631;1
120;269;0;810;1200;75799638;1
121;271;0;809;1190;75799645;1
122;272;0;811;1190;75799652;1
122;273;0;810;1190;75799659;1
123;275;0;815;1190;75799666;1
124;276;0;811;1190;75799673;1
125;277;0;810;1190;75799680;1
126;278;0;812;1180;75799687;1
127;280;0;813;1180;75799694;1
128;282;0;812;1180;75799701;1
129;283;0;813;1170;75799708;1
130;285;0;812;1190;75799715;1
131;286;0;813;1180;75799722;1
132;288;0;817;1180;75799730;1
132;290;0;815;1180;75799737;1
133;291;0;814;1170;75799744;1
134;293;0;815;1170;75799751;1
136;294;0;816;1170;75799758;1
137;295;0;815;1130;75799765;1
138;296;0;816;1110;75799772;1
139;298;0;815;1090;75799779;1
140;299;0;819;1070;75799786;1
141;299;0;816;1070;75799793;1
142;300;0;821;1070;75799800;1
144;301;0;815;1080;75799807;1
145;302;0;816;1080;75799814;1
146;302;0;816;1100;75799821;1
148;303;0;818;1100;75799828;1
150;303;0;818;1100;75799835;1
151;304;0;818;1100;75799842;1
153;304;0;819;1120;75799849;1
155;304;0;819;1110;75799856;1
157;305;0;820;1110;75799863;1
159;305;0;822;1100;75799870;1
161;305;0;823;1100;75799877;1
162;306;0;821;1100;75799884;1
163;306;0;822;1110;75799891;1
164;306;0;820;1110;75799898;1
166;307;0;821;1120;75799905;1
167;308;0;821;1120;75799913;1
168;308;0;822;1120;75799920;1
169;309;0;821;1120;75799927;1
171;309;0;821;1130;75799934;1
172;310;0;821;1130;75799941;1
174;310;0;823;1140;75799948;1
175;311;0;825;1130;75799955;1
177;311;0;825;1130;75799962;1
179;311;0;825;1130;75799969;1
181;311;0;829;1130;75799976;1
183;312;0;829;1140;75799983;1
185;312;0;826;1140;75799990;1
186;312;0;827;1150;75799997;1
188;313;0;828;1150;75800004;1
190;313;0;831;1150;75800011;1
191;313;0;830;1160;75800018;1
193;313;0;831;1160;75800025;1
195;314;0;832;1160;75800032;1
197;314;0;832;1160;75800039;1
199;314;0;833;1170;75800046;1
201;314;0;833;1170;75800053;1
203;313;0;833;1170;75800060;1
205;313;0;835;1160;75800067;1
207;313;0;836;1180;75800074;1
209;313;0;836;1200;75800081;1
210;313;0;836;1220;75800088;1
212;312;0;837;1220;75800096;1
214;312;0;837;1240;75800103;1
215;312;0;837;1250;75800110;1
217;311;0;838;1250;75800117;1
218;311;0;839;1250;75800124;1
220;311;0;839;1230;75800131;1
221;310;0;839;1230;75800138;1
222;310;0;840;1230;75800145;1
224;310;0;840;1230;75800152;1
225;309;0;841;1210;75800159;1
226;309;0;842;1210;75800166;1
228;309;0;841;1200;75800173;1
229;308;0;842;1200;75800180;1
231;308;0;842;1210;75800187;1
232;307;0;844;1200;75800194;1
234;307;0;845;1200;75800201;1
235;306;0;845;1210;75800208;1
237;306;0;848;1210;75800215;1
238;305;0;848;1210;75800222;1
240;305;0;848;1210;75800229;1
241;304;0;853;1220;75800236;1
242;303;0;850;1220;75800243;1
244;303;0;851;1220;75800250;1
245;302;0;852;1220;75800257;1
247;301;0;853;1220;75800264;1
248;300;0;858;1230;75800271;1
250;299;0;856;1230;75800279;1
252;298;0;858;1230;75800286;1
253;297;0;860;1220;75800293;1
255;296;0;859;1200;75800300;1
257;294;0;860;1200;75800307;1
259;293;0;863;1220;75800314;1
261;291;0;861;1230;75800321;1
262;290;0;862;1240;75800328;1
264;289;0;863;1230;75800335;1
266;287;0;863;1240;75800342;1
267;286;0;865;1230;75800349;1
268;285;0;865;1230;75800356;1
270;283;0;867;1230;75800363;1
272;282;0;868;1230;75800370;1
273;280;0;871;1240;75800377;1
275;279;0;870;1240;75800384;1
277;277;0;872;1240;75800391;1
278;276;0;875;1250;75800398;1
280;274;0;876;1240;75800405;1
282;272;0;875;1250;75800412;1
284;270;0;876;1270;75800419;1
286;268;0;878;1270;75800426;1
288;266;0;879;1290;75800433;1
290;264;0;880;1280;75800440;1
291;262;0;882;1280;75800447;1
293;260;0;883;1300;75800454;1
295;257;0;885;1300;75800461;1
296;255;0;887;1300;75800469;1
297;253;0;892;1300;75800476;1
299;251;0;895;1310;75800483;1
300;248;0;897;1330;75800490;1
302;246;0;898;1340;75800497;1
303;243;0;901;1330;75800504;1
304;240;0;903;1310;75800511;1
306;237;0;905;1310;75800518;1
307;234;0;907;1310;75800525;1
308;231;0;905;1340;75800532;1
309;228;0;908;1340;75800539;1
310;225;0;908;1360;75800546;1
311;222;0;909;1370;75800553;1
312;219;0;909;1380;75800560;1
312;216;0;910;1380;75800567;1
313;213;0;912;1380;75800574;1
313;210;0;913;1380;75800581;1
314;207;0;914;1380;75800588;1
314;204;0;919;1380;75800595;1
314;201;0;916;1380;75800602;1
314;198;0;916;1390;75800609;1
314;194;0;917;1390;75800616;1
313;191;0;896;1370;75800623;1
313;188;0;932;1360;75800630;1
313;185;0;935;1360;75800637;1
312;181;0;935;1370;75800644;1
312;178;0;936;1400;75800652;1
311;175;0;937;1400;75800659;1
311;172;0;941;1400;75800666;1
310;168;0;941;1380;75800673;1
309;165;0;938;1360;75800680;1
308;162;0;938;1340;75800687;1
307;159;0;938;1320;75800694;1
307;156;0;937;1320;75800701;1
305;153;0;938;1320;75800708;1
304;150;0;938;1350;75800715;1
303;147;0;938;1400;75800722;1
302;144;0;937;1410;75800729;1
301;141;0;941;1410;75800736;1
300;138;0;936;1380;75800743;1
298;135;0;938;1370;75800750;1
297;132;0;941;1370;75800757;1
295;129;0;938;1380;75800764;1
293;127;0;938;1400;75800771;1
292;124;0;938;1400;75800778;1
290;122;0;942;1380;75800785;1
288;119;0;936;1380;75800792;1
286;117;0;936;1380;75800799;1
285;115;0;935;1380;75800806;1
283;113;0;935;1380;75800813;1
281;111;0;935;1380;75800820;1
279;109;0;935;1400;75800827;1
278;107;0;935;1400;75800835;1
276;106;0;934;1380;75800842;1
274;104;0;933;1380;75800849;1
272;102;0;932;1410;75800856;1
271;101;0;930;1440;75800863;1
269;99;0;931;1460;75800870;1
267;98;0;930;1500;75800877;1
265;96;0;934;1510;75800884;1
263;94;0;929;1500;75800891;1
261;93;0;929;1480;75800898;1
259;91;0;929;1420;75800905;1
257;90;0;929;1360;75800912;1
255;88;0;928;1350;75800919;1
252;87;0;928;1370;75800926;1
250;85;0;928;1400;75800933;1
248;84;0;927;1440;75800940;1
245;82;0;926;1440;75800947;1
243;81;0;926;1450;75800954;1
241;80;0;926;1440;75800961;1
239;79;0;925;1440;75800968;1
236;77;0;924;1440;75800975;1
234;76;0;924;1440;75800982;1
232;75;0;924;1450;75800989;1
229;74;0;925;1470;75800996;1
226;73;0;920;1470;75801003;1
223;72;0;918;1480;75801010;1
221;72;0;917;1480;75801017;1
218;71;0;915;1490;75801025;1
215;70;0;912;1480;75801032;1
212;70;0;911;1460;75801039;1
208;70;0;911;1420;75801046;1
205;70;0;909;1400;75801053;1
202;70;0;908;1380;75801060;1
198;70;0;908;1380;75801067;1
195;70;0;907;1380;75801074;1
192;70;0;906;1370;75801081;1
189;70;0;906;1360;75801088;1
186;70;0;905;1330;75801095;1
183;70;0;909;1320;75801102;1
180;70;0;908;1300;75801109;1
177;71;0;903;1290;75801116;1
174;71;0;902;1280;75801123;1
172;71;0;905;1260;75801130;1
169;72;0;903;1250;75801137;1
167;72;0;899;1240;75801144;1
164;73;0;899;1220;75801151;1
162;73;0;897;1210;75801158;1
159;74;0;896;1230;75801165;1
157;75;0;896;1250;75801172;1
154;76;0;895;1290;75801179;1
151;77;0;894;1330;75801186;1
148;78;0;895;1310;75801193;1
146;79;0;888;1300;75801200;1
143;80;0;887;1290;75801208;1
141;82;0;888;1270;75801215;1
139;83;0;887;1260;75801222;1
136;84;0;887;1250;75801229;1
134;86;0;887;1240;75801236;1
132;87;0;887;1260;75801243;1
131;89;0;887;1260;75801250;1
129;90;0;886;1250;75801257;1
127;92;0;889;1250;75801264;1
126;93;0;884;1240;75801271;1
124;95;0;883;1270;75801278;1
121;96;0;883;1250;75801285;1
119;98;0;882;1230;75801292;1
116;100;0;881;1210;75801299;1
114;102;0;882;1190;75801306;1
111;104;0;880;1160;75801313;1
108;105;0;881;1140;75801320;1
106;107;0;880;1110;75801327;1
104;109;0;881;1120;75801334;1
101;111;0;881;1130;75801341;1
99;113;0;884;1140;75801348;1
97;115;0;881;1140;75801355;1
95;116;0;881;1160;75801362;1
92;118;0;882;1180;75801369;1
91;120;0;884;1180;75801376;1
89;122;0;882;1160;75801383;1
89;124;0;882;1150;75801391;1
88;125;0;884;1140;75801398;1
88;126;0;882;1130;75801405;1
87;127;0;883;1120;75801412;1
86;129;0;882;1110;75801419;1
84;131;0;882;1110;75801426;1
83;133;0;882;1100;75801433;1
81;136;0;882;1100;75801440;1
80;138;0;884;1090;75801447;1
78;140;0;884;1100;75801454;1
76;142;0;883;1080;75801461;1
74;144;0;884;1080;75801468;1
73;146;0;883;1080;75801475;1
71;149;0;884;1080;75801482;1
69;151;0;884;1090;75801489;1
66;153;0;883;1100;75801496;1
64;155;0;883;1100;75801503;1
63;157;0;882;1110;75801510;1
61;160;0;884;1110;75801517;1
59;162;0;881;1100;75801524;1
58;165;0;884;1100;75801531;1
56;167;0;880;1100;75801538;1
55;170;0;879;1110;75801545;1
53;173;0;878;1110;75801552;1
52;175;0;878;1140;75801559;1
51;178;0;877;1140;75801566;1
49;181;0;881;1140;75801573;1
48;183;0;877;1130;75801581;1
47;186;0;877;1120;75801588;1
46;189;0;878;1110;75801595;1
45;192;0;873;1110;75801602;1
45;195;0;875;1120;75801609;1
44;197;0;870;1120;75801616;1
44;200;0;870;1170;75801623;1
43;203;0;863;1180;75801630;1
43;205;0;860;1200;75801637;1
42;208;0;861;1200;75801644;1
42;210;0;860;1200;75801651;1
41;213;0;860;1200;75801658;1
41;216;0;860;1200;75801665;1
40;218;0;860;1200;75801672;1
40;221;0;859;1200;75801679;1
40;224;0;859;1200;75801686;1
39;226;0;858;1180;75801693;1
39;229;0;858;1180;75801700;1
39;231;0;856;1180;75801707;1
39;234;0;854;1170;75801714;1
39;236;0;856;1180;75801721;1
39;239;0;858;1180;75801728;1
39;242;0;856;1180;75801735;1
39;244;0;858;1170;75801742;1
39;247;0;858;1140;75801749;1
39;250;0;858;1140;75801756;1
39;252;0;859;1130;75801764;1
38;255;0;858;1130;75801771;1
38;258;0;858;1130;75801778;1
38;260;0;858;1140;75801785;1
38;263;0;858;1140;75801792;1
38;265;0;859;1140;75801799;1
38;268;0;858;1140;75801806;1
39;271;0;858;1140;75801813;1
39;273;0;858;1140;75801820;1
39;276;0;858;1140;75801827;1
39;278;0;858;1150;75801834;1
40;281;0;858;1150;75801841;1
40;283;0;858;1140;75801848;1
40;286;0;861;1140;75801855;1
41;289;0;858;1140;75801862;1
41;291;0;858;1110;75801869;1
42;294;0;858;1060;75801876;1
42;296;0;858;1050;75801883;1
43;298;0;860;1020;75801890;1
44;301;0;860;1020;75801897;1
44;303;0;860;1020;75801904;1
45;305;0;860;1020;75801911;1
46;307;0;860;1020;75801918;1
47;309;0;860;1020;75801925;1
48;311;0;863;1030;75801932;1
49;313;0;860;1030;75801939;1
49;315;0;860;1040;75801947;1
50;317;0;862;1040;75801954;1
52;319;0;860;1040;75801961;1
53;321;0;861;1040;75801968;1
54;323;0;861;1040;75801975;1
56;325;0;865;1050;75801982;1
57;327;0;861;1060;75801989;1
59;329;0;861;1060;75801996;1
61;331;0;861;1060;75802003;1
63;333;0;864;1060;75802010;1
65;335;0;863;1060;75802017;1
66;336;0;862;1060;75802024;1
68;338;0;860;1050;75802031;1
70;340;0;862;1050;75802038;1
72;342;0;863;1060;75802045;1
73;344;0;862;1060;75802052;1
75;346;0;862;1070;75802059;1
77;348;0;863;1080;75802066;1
79;349;0;863;1110;75802073;1
81;350;0;863;1100;75802080;1
83;352;0;863;1100;75802087;1
85;353;0;863;1100;75802094;1
86;354;0;863;1080;75802101;1
88;356;0;863;1070;75802108;1
90;358;0;863;1080;75802115;1
92;360;0;863;1080;75802122;1
94;362;0;863;1080;75802129;1
96;363;0;863;1080;75802137;1
98;364;0;863;1080;75802144;1
100;366;0;868;1080;75802151;1
103;367;0;863;1080;75802158;1
105;368;0;863;1080;75802165;1
107;370;0;863;1100;75802172;1
109;371;0;866;1110;75802179;1
111;372;0;864;1120;75802186;1
114;374;0;863;1100;75802193;1
116;375;0;865;1100;75802200;1
118;375;0;864;1080;75802207;1
120;376;0;864;1080;75802214;1
122;377;0;867;1070;75802221;1
123;378;0;866;1060;75802228;1
125;379;0;869;1050;75802235;1
127;380;0;866;1050;75802242;1
129;381;0;866;1050;75802249;1
131;382;0;866;1050;75802256;1
133;383;0;866;1050;75802263;1
136;383;0;867;1050;75802270;1
138;384;0;868;1050;75802277;1
140;385;0;867;1050;75802284;1
142;385;0;869;1050;75802291;1
145;386;0;869;1040;75802298;1
147;387;0;869;1050;75802305;1
149;387;0;870;1050;75802312;1
152;388;0;872;1070;75802320;1
154;389;0;872;1070;75802327;1
157;390;0;872;1070;75802334;1
159;390;0;873;1080;75802341;1
161;391;0;874;1080;75802348;1
164;391;0;874;1070;75802355;1
166;392;0;875;1050;75802362;1
168;392;0;873;1040;75802369;1
170;393;0;872;1020;75802376;1
172;393;0;874;1020;75802383;1
175;394;0;875;1030;75802390;1
177;394;0;876;1030;75802397;1
179;395;0;874;1030;75802404;1
181;395;0;875;1040;75802411;1
184;395;0;878;1040;75802418;1
186;395;0;876;1040;75802425;1
188;396;0;875;1050;75802432;1
191;396;0;879;1050;75802439;1
193;396;0;875;1050;75802446;1
196;396;0;876;1060;75802453;1
199;395;0;876;1060;75802460;1
201;395;0;876;1060;75802467;1
204;395;0;876;1060;75802474;1
207;395;0;876;1080;75802481;1
209;395;0;876;1100;75802488;1
212;395;0;876;1130;75802495;1
214;395;0;877;1150;75802503;1
216;395;0;877;1150;75802510;1
218;395;0;877;1150;75802517;1
220;395;0;877;1150;75802524;1
222;395;0;876;1150;75802531;1
224;395;0;881;1150;75802538;1
227;395;0;882;1150;75802545;1
229;395;0;878;1140;75802552;1
232;395;0;880;1140;75802559;1
234;394;0;880;1150;75802566;1
237;394;0;880;1150;75802573;1
239;393;0;880;1150;75802580;1
242;393;0;881;1170;75802587;1
244;392;0;880;1170;75802594;1
247;391;0;881;1200;75802601;1
250;390;0;879;1220;75802608;1
252;389;0;881;1250;75802615;1
255;389;0;880;1260;75802622;1
258;388;0;881;1260;75802629;1
260;387;0;881;1270;75802636;1
263;386;0;882;1270;75802643;1
265;385;0;883;1270;75802650;1
268;383;0;882;1270;75802657;1
271;382;0;883;1270;75802664;1
274;381;0;882;1270;75802671;1
277;379;0;883;1280;75802678;1
279;378;0;882;1280;75802685;1
282;376;0;875;1280;75802693;1
285;375;0;883;1290;75802700;1
287;374;0;883;1300;75802707;1
290;372;0;882;1300;75802714;1
292;371;0;883;1300;75802721;1
294;370;0;884;1320;75802728;1
296;369;0;876;1300;75802735;1
299;368;0;884;1330;75802742;1
301;366;0;884;1320;75802749;1
303;365;0;878;1320;75802756;1
305;364;0;878;1340;75802763;1
308;362;0;886;1330;75802770;1
310;361;0;886;1300;75802777;1
312;360;0;887;1300;75802784;1
313;358;0;887;1290;75802791;1
315;357;0;889;1290;75802798;1
317;355;0;887;1290;75802805;1
319;354;0;887;1280;75802812;1
321;352;0;887;1270;75802819;1
322;351;0;887;1270;75802826;1
324;349;0;887;1270;75802833;1
326;348;0;887;1280;75802840;1
328;346;0;888;1290;75802847;1
330;344;0;887;1290;75802854;1
332;342;0;888;1290;75802861;1
334;340;0;887;1290;75802868;1
336;338;0;888;1270;75802876;1
338;335;0;887;1270;75802883;1
340;333;0;887;1280;75802890;1
342;330;0;887;1280;75802897;1
344;328;0;887;1270;75802904;1
347;326;0;887;1280;75802911;1
349;323;0;889;1280;75802918;1
351;321;0;887;1280;75802925;1
353;318;0;888;1280;75802932;1
356;315;0;888;1270;75802939;1
358;312;0;889;1280;75802946;1
359;309;0;893;1270;75802953;1
361;306;0;889;1280;75802960;1
363;303;0;891;1280;75802967;1
365;300;0;891;1280;75802974;1
367;297;0;891;1320;75802981;1
368;294;0;891;1290;75802988;1
370;291;0;891;1280;75802995;1
371;288;0;892;1280;75803002;1
372;285;0;893;1270;75803009;1
373;283;0;893;1270;75803016;1
374;280;0;893;1280;75803023;1
375;278;0;894;1280;75803030;1
376;275;0;895;1290;75803037;1
377;273;0;894;1300;75803044;1
378;270;0;896;1300;75803051;1
379;267;0;895;1320;75803059;1
380;265;0;895;1320;75803066;1
381;262;0;896;1320;75803073;1
382;260;0;896;1320;75803080;1
383;257;0;896;1320;75803087;1
384;255;0;897;1320;75803094;1
384;253;0;897;1320;75803101;1
385;251;0;897;1320;75803108;1
386;249;0;897;1330;75803115;1
386;246;0;898;1340;75803122;1
387;244;0;897;1340;75803129;1
387;242;0;896;1340;75803136;1
387;240;0;899;1340;75803143;1
388;238;0;897;1340;75803150;1
388;236;0;902;1350;75803157;1
388;234;0;899;1360;75803164;1
389;232;0;899;1370;75803171;1
389;231;0;899;1370;75803178;1
389;229;0;899;1370;75803185;1
390;227;0;898;1370;75803192;1
390;226;0;899;1380;75803199;1
390;224;0;899;1380;75803206;1
391;223;0;898;1410;75803213;1
391;221;0;898;1410;75803220;1
392;220;0;897;1420;75803227;1
392;218;0;900;1410;75803234;1
392;217;0;896;1420;75803241;1
393;216;0;896;1420;75803249;1
393;215;0;896;1420;75803256;1
393;214;0;897;1430;75803263;1
394;213;0;897;1420;75803270;1
394;212;0;898;1420;75803277;1
394;211;0;899;1420;75803284;1
394;210;0;899;1420;75803291;1
394;209;0;900;1420;75803298;1
394;209;0;900;1420;75803305;1
394;208;0;899;1420;75803312;1
394;207;0;899;1420;75803319;1
394;207;0;900;1420;75803326;1
394;206;0;900;1420;75803333;1
394;206;0;900;1420;75803340;1
394;206;0;899;1420;75803347;1
394;205;0;899;1420;75803354;1
394;205;0;900;1420;75803361;1
394;205;0;899;1420;75803368;1
394;205;0;901;1420;75803375;1
394;205;0;901;1420;75803382;1
394;205;0;900;1420;75803389;1
394;205;0;899;1420;75803396;1
394;205;0;900;1420;75803403;1
394;205;0;899;1420;75803410;1
394;205;0;901;1410;75803417;1
394;204;0;902;1410;75803424;1
394;204;0;902;1410;75803432;1
393;204;0;902;1410;75803439;1
393;204;0;902;1410;75803446;1
393;204;0;902;1420;75803453;1
393;204;0;906;1410;75803460;1
393;204;0;902;1410;75803467;1
393;204;0;902;1420;75803474;1
393;203;0;901;1420;75803481;1
393;203;0;902;1410;75803488;1
393;203;0;902;1420;75803495;1
393;203;0;902;1420;75803502;1
393;203;0;902;1420;75803509;1
393;203;0;901;1420;75803516;1
393;203;0;902;1420;75803523;1
393;203;0;902;1410;75803530;1
393;203;0;902;1420;75803537;1
393;203;0;902;1420;75803544;1
393;203;0;902;1420;75803551;1
393;203;0;902;1420;75803558;1
393;203;0;900;1420;75803565;1
393;203;0;900;1420;75803572;1
393;203;0;899;1420;75803579;1
393;203;0;904;1420;75803586;1
393;203;0;900;1410;75803593;1
393;203;0;901;1410;75803600;1
393;203;0;902;1410;75803607;1
393;203;0;903;1400;75803615;1
393;203;0;904;1400;75803622;1
392;203;0;904;1410;75803629;1
392;203;0;903;1410;75803636;1
392;203;0;902;1410;75803643;1
392;203;0;902;1410;75803650;1
392;203;0;900;1420;75803657;1
392;204;0;896;1410;75803664;1
392;205;0;888;1410;75803671;1
392;205;0;875;1410;75803678;1
392;206;0;858;1410;75803685;1
391;207;0;832;1410;75803692;1
391;209;0;799;1410;75803699;1
390;210;0;742;1400;75803706;1
389;211;0;601;1400;75803713;1
387;211;0;288;1400;75803720;1
385;209;0;74;1400;75803727;1
