226;192;0;350;1240;12260295;0
227;190;0;341;1260;12260304;0
228;189;0;344;1250;12260313;0
228;189;0;355;1250;12260322;0
229;188;0;354;1270;12260331;0
230;188;0;353;1270;12260340;0
231;187;0;350;1270;12260349;0
233;187;0;332;1300;12260358;0
235;186;0;273;1270;12260367;0
237;186;0;129;1240;12260376;0
210;207;0;15;1360;12261123;0
210;206;0;54;1360;12261132;0
209;206;0;78;1360;12261141;0
209;206;0;94;1360;12261150;0
209;206;0;111;1360;12261159;0
208;206;0;140;1360;12261168;0
208;205;0;162;1360;12261177;0
207;205;0;188;1350;12261186;0
207;205;12;204;1360;12261195;0
206;205;0;218;1360;12261204;0
206;205;0;226;1370;12261213;0
206;205;12;231;1370;12261222;0
205;204;0;242;1370;12261231;0
205;204;0;245;1370;12261240;0
205;204;0;250;1370;12261249;0
205;203;0;251;1370;12261258;0
205;203;0;253;1370;12261267;0
205;203;0;254;1370;12261276;0
205;203;0;256;1370;12261285;0
205;203;12;259;1370;12261294;0
205;203;0;267;1370;12261303;0
205;203;0;275;1370;12261312;0
205;203;0;288;1370;12261321;0
205;203;0;298;1380;12261330;0
205;203;0;311;1380;12261339;0
204;203;0;320;1370;12261348;0
204;203;12;334;1370;12261357;0
204;203;0;354;1370;12261366;0
204;203;0;371;1370;12261375;0
204;203;0;387;1370;12261384;0
204;203;12;407;1370;12261393;0
204;203;0;424;1370;12261402;0
204;203;0;436;1370;12261411;0
204;203;0;449;1380;12261420;0
204;202;0;462;1380;12261429;0
204;202;0;468;1380;12261438;0
204;202;0;478;1380;12261447;0
204;202;0;489;1380;12261456;0
204;202;0;501;1380;12261465;0
204;202;0;514;1380;12261474;0
204;202;0;528;1380;12261483;0
204;202;0;534;1370;12261492;0
204;202;12;541;1390;12261501;0
204;202;0;548;1390;12261510;0
204;202;0;557;1390;12261519;0
204;202;0;568;1390;12261528;0
204;202;0;577;1400;12261537;0
204;202;0;588;1400;12261546;0
204;202;0;605;1400;12261555;0
204;202;0;618;1400;12261564;0
204;201;0;630;1400;12261573;0
203;201;0;632;1400;12261582;0
203;201;0;653;1400;12261591;0
203;201;0;662;1410;12261600;0
203;201;12;663;1410;12261609;0
203;201;0;675;1400;12261618;0
203;201;0;678;1400;12261627;0
203;201;12;680;1400;12261636;0
203;201;0;678;1400;12261645;0
203;201;12;677;1390;12261654;0
203;201;0;677;1390;12261663;0
203;201;0;676;1400;12261672;0
203;201;0;675;1390;12261681;0
203;201;0;676;1400;12261690;0
203;201;0;671;1400;12261699;0
203;201;0;669;1410;12261708;0
204;201;0;669;1410;12261717;0
204;201;0;669;1400;12261726;0
204;201;0;669;1400;12261735;0
205;201;0;664;1400;12261744;0
205;201;0;671;1400;12261753;0
205;201;12;675;1410;12261762;0
206;201;12;671;1410;12261771;0
206;201;0;664;1410;12261780;0
207;201;0;672;1400;12261789;0
207;201;0;672;1400;12261798;0
208;201;0;672;1400;12261807;0
208;201;0;666;1400;12261816;0
209;201;0;672;1400;12261825;0
210;201;0;673;1400;12261834;0
212;201;0;672;1400;12261843;0
213;201;0;672;1390;12261852;0
214;201;0;663;1360;12261861;0
215;201;0;676;1350;12261870;0
216;200;0;676;1340;12261879;0
218;200;0;677;1350;12261888;0
219;200;0;682;1360;12261897;0
220;200;0;674;1360;12261906;0
221;199;0;681;1380;12261915;0
222;199;0;682;1380;12261924;0
223;198;0;682;1380;12261933;0
224;198;0;684;1390;12261942;0
225;198;0;690;1390;12261951;0
225;197;0;684;1390;12261960;0
226;197;0;687;1400;12261969;0
227;197;0;689;1390;12261978;0
227;196;0;690;1400;12261987;0
228;195;0;693;1400;12261996;0
229;194;0;693;1400;12262005;0
230;194;0;693;1400;12262014;0
230;193;0;695;1400;12262023;0
231;192;0;695;1400;12262032;0
232;191;0;696;1400;12262041;0
233;190;0;699;1400;12262050;0
233;190;0;702;1410;12262059;0
233;189;0;703;1410;12262068;0
234;188;0;704;1410;12262077;0
234;187;0;704;1410;12262086;0
234;187;0;706;1410;12262095;0
234;186;0;706;1440;12262104;0
235;185;0;711;1430;12262113;0
235;185;0;708;1410;12262122;0
235;184;0;708;1400;12262131;0
235;183;0;712;1410;12262140;0
235;183;0;711;1410;12262149;0
235;182;0;714;1410;12262158;0
235;181;0;716;1430;12262167;0
235;180;0;718;1430;12262176;0
235;180;0;718;1420;12262185;0
235;179;0;720;1430;12262194;0
235;178;0;724;1430;12262203;0
235;178;0;724;1410;12262212;0
235;177;0;729;1410;12262221;0
235;176;0;726;1400;12262230;0
235;175;0;727;1420;12262240;0
235;174;0;729;1430;12262249;0
235;173;0;729;1460;12262258;0
235;173;0;731;1460;12262267;0
235;172;0;732;1460;12262276;0
234;171;0;734;1460;12262285;0
234;171;0;736;1460;12262294;0
234;170;0;736;1460;12262303;0
233;169;0;740;1460;12262312;0
233;168;0;738;1460;12262321;0
232;167;0;743;1460;12262330;0
231;166;0;741;1460;12262339;0
230;166;0;742;1450;12262348;0
229;165;0;743;1440;12262357;0
228;164;0;745;1440;12262366;0
227;163;0;747;1420;12262375;0
226;163;0;750;1420;12262384;0
225;162;0;751;1440;12262393;0
224;161;0;753;1440;12262402;0
223;161;0;757;1430;12262411;0
222;160;0;756;1430;12262420;0
221;160;0;754;1430;12262429;0
220;159;0;756;1430;12262438;0
219;158;0;756;1410;12262447;0
218;158;0;756;1410;12262456;0
217;157;0;760;1410;12262465;0
216;157;12;757;1410;12262474;0
214;156;0;757;1410;12262483;0
213;156;0;761;1410;12262492;0
211;155;12;757;1410;12262501;0
210;155;0;757;1420;12262510;0
208;154;0;757;1410;12262519;0
207;154;0;757;1420;12262528;0
205;154;0;757;1420;12262537;0
203;153;0;759;1440;12262546;0
202;153;0;759;1420;12262555;0
200;153;0;759;1420;12262564;0
199;152;0;759;1440;12262573;0
198;152;0;759;1420;12262582;0
196;152;0;760;1450;12262591;0
195;151;0;760;1440;12262600;0
194;151;0;760;1430;12262609;0
192;151;0;759;1420;12262618;0
191;150;0;760;1410;12262627;0
189;150;12;760;1410;12262636;0
188;150;0;760;1400;12262645;0
186;150;12;760;1400;12262654;0
185;150;0;763;1410;12262663;0
183;150;0;765;1430;12262672;0
182;150;0;761;1440;12262681;0
180;150;0;761;1440;12262690;0
179;149;0;761;1430;12262699;0
177;149;0;760;1430;12262708;0
176;149;0;761;1430;12262717;0
175;149;0;762;1430;12262726;0
173;149;0;761;1410;12262735;0
172;150;0;760;1410;12262744;0
170;150;0;760;1400;12262753;0
169;150;0;760;1400;12262762;0
168;150;0;760;1410;12262771;0
167;151;0;760;1400;12262780;0
166;151;0;760;1400;12262789;0
165;151;0;760;1400;12262798;0
164;151;0;760;1390;12262807;0
162;152;0;757;1370;12262816;0
161;152;0;759;1370;12262825;0
160;153;0;759;1370;12262834;0
159;154;0;757;1370;12262843;0
157;154;0;757;1370;12262852;0
156;155;0;756;1370;12262861;0
154;156;0;761;1370;12262870;0
153;157;0;756;1390;12262879;0
152;158;0;756;1390;12262888;0
150;159;0;757;1390;12262897;0
149;160;0;757;1390;12262906;0
148;161;0;757;1400;12262915;0
147;161;0;756;1390;12262924;0
147;162;0;755;1390;12262933;0
146;163;0;755;1390;12262942;0
145;164;0;759;1390;12262951;0
144;165;0;757;1390;12262960;0
144;167;0;754;1390;12262969;0
143;168;0;756;1390;12262978;0
143;169;0;753;1390;12262987;0
142;170;0;754;1390;12262996;0
142;172;0;756;1410;12263005;0
141;173;0;757;1390;12263014;0
140;174;0;752;1390;12263023;0
140;175;0;754;1390;12263032;0
139;177;0;757;1390;12263041;0
139;178;0;754;1390;12263050;0
138;180;0;753;1390;12263059;0
138;181;0;753;1380;12263068;0
137;183;0;752;1360;12263077;0
137;184;0;754;1360;12263086;0
137;185;0;756;1350;12263095;0
137;187;0;752;1340;12263104;0
137;188;0;752;1340;12263113;0
136;189;0;753;1340;12263122;0
136;191;0;757;1350;12263131;0
136;192;0;753;1350;12263140;0
136;193;0;754;1350;12263149;0
136;195;0;753;1350;12263158;0
136;196;0;754;1340;12263167;0
136;198;0;752;1340;12263176;0
136;199;0;752;1320;12263185;0
136;201;12;752;1320;12263194;0
136;202;0;754;1350;12263203;0
136;203;12;748;1360;12263212;0
136;204;0;747;1400;12263221;0
137;206;0;739;1390;12263230;0
137;207;0;751;1390;12263239;0
137;209;0;746;1390;12263248;0
137;210;0;745;1390;12263257;0
138;211;0;740;1400;12263266;0
138;213;0;748;1400;12263275;0
138;214;0;747;1400;12263284;0
138;216;0;748;1400;12263293;0
138;217;0;748;1400;12263302;0
138;219;0;749;1390;12263311;0
139;221;0;748;1370;12263320;0
139;222;0;751;1370;12263329;0
139;224;0;748;1380;12263338;0
140;226;0;750;1360;12263347;0
140;227;0;751;1360;12263356;0
141;229;0;750;1360;12263365;0
141;230;0;751;1360;12263374;0
142;232;0;753;1360;12263383;0
142;233;0;750;1350;12263392;0
143;234;0;751;1350;12263401;0
144;236;12;754;1340;12263410;0
144;237;0;751;1340;12263419;0
145;239;12;753;1340;12263428;0
146;241;0;756;1340;12263437;0
146;242;12;753;1320;12263446;0
147;244;0;754;1320;12263455;0
148;245;12;755;1320;12263464;0
148;247;0;754;1310;12263473;0
149;249;0;755;1310;12263482;0
150;250;0;756;1300;12263491;0
151;252;0;757;1300;12263500;0
152;253;0;761;1300;12263509;0
153;255;0;759;1300;12263518;0
154;256;0;759;1320;12263528;0
155;258;0;759;1320;12263537;0
156;259;0;759;1320;12263546;0
157;260;0;759;1320;12263555;0
158;262;0;760;1320;12263564;0
159;263;0;760;1320;12263573;0
160;265;0;760;1320;12263582;0
161;266;0;760;1340;12263591;0
162;268;0;761;1340;12263600;0
164;269;0;767;1340;12263609;0
165;270;0;763;1340;12263618;0
166;271;0;763;1340;12263627;0
167;272;12;764;1350;12263636;0
169;273;0;770;1350;12263645;0
170;274;0;767;1350;12263654;0
172;275;0;773;1340;12263663;0
173;276;0;773;1350;12263672;0
175;277;0;770;1350;12263681;0
176;277;0;770;1350;12263690;0
178;278;0;773;1350;12263699;0
179;278;0;773;1360;12263708;0
181;279;12;773;1360;12263717;0
183;279;0;774;1360;12263726;0
185;279;0;776;1360;12263735;0
187;279;0;780;1340;12263744;0
189;280;0;776;1310;12263753;0
191;280;0;778;1310;12263762;0
192;280;0;782;1310;12263771;0
194;280;0;783;1310;12263780;0
196;280;0;779;1310;12263789;0
197;280;0;783;1310;12263798;0
199;280;0;780;1310;12263807;0
201;280;0;781;1310;12263816;0
203;280;0;782;1310;12263825;0
205;281;0;781;1310;12263834;0
208;281;0;782;1310;12263843;0
210;281;0;781;1310;12263852;0
212;281;12;782;1310;12263861;0
214;281;0;782;1310;12263870;0
216;281;0;784;1320;12263879;0
218;281;0;783;1320;12263888;0
220;281;0;785;1350;12263897;0
222;281;0;788;1350;12263906;0
224;281;0;785;1360;12263915;0
226;281;0;785;1350;12263924;0
228;281;0;785;1360;12263933;0
229;281;0;786;1360;12263942;0
231;281;0;787;1390;12263951;0
234;281;0;788;1390;12263960;0
236;280;0;788;1390;12263969;0
238;280;0;787;1380;12263978;0
239;280;0;792;1380;12263987;0
241;279;0;788;1360;12263996;0
242;279;0;792;1360;12264005;0
244;279;0;792;1360;12264014;0
245;279;0;794;1360;12264023;0
246;279;0;792;1360;12264032;0
247;278;0;796;1360;12264041;0
248;278;0;794;1360;12264050;0
249;277;0;797;1360;12264059;0
251;277;0;798;1350;12264068;0
252;276;0;799;1350;12264077;0
254;276;0;801;1360;12264086;0
255;275;0;806;1360;12264095;0
256;274;0;803;1360;12264104;0
258;274;0;805;1360;12264113;0
259;273;0;806;1380;12264122;0
260;272;0;808;1380;12264131;0
261;271;0;809;1380;12264140;0
263;270;0;809;1390;12264149;0
264;269;0;811;1390;12264158;0
265;268;0;812;1390;12264167;0
266;266;0;812;1400;12264176;0
267;265;0;813;1400;12264185;0
268;264;0;815;1400;12264194;0
269;263;0;817;1410;12264203;0
270;262;0;818;1410;12264212;0
271;261;0;821;1410;12264221;0
272;260;12;821;1410;12264230;0
272;258;0;822;1410;12264239;0
273;257;0;821;1410;12264248;0
274;256;12;822;1410;12264257;0
275;255;0;821;1420;12264266;0
276;254;0;822;1420;12264275;0
277;253;0;822;1420;12264284;0
277;252;12;825;1430;12264293;0
278;251;0;825;1420;12264302;0
279;250;0;827;1430;12264311;0
279;248;0;828;1430;12264320;0
280;247;0;828;1430;12264329;0
280;246;0;828;1430;12264338;0
281;245;0;829;1460;12264347;0
282;243;0;829;1460;12264356;0
282;242;0;828;1440;12264365;0
283;241;0;829;1450;12264374;0
284;239;0;829;1450;12264383;0
285;238;0;829;1450;12264392;0
286;237;0;829;1470;12264401;0
287;235;0;828;1470;12264410;0
288;234;0;830;1470;12264419;0
288;232;0;830;1470;12264428;0
289;231;0;830;1450;12264437;0
290;229;0;830;1470;12264446;0
291;228;0;831;1480;12264455;0
292;226;0;832;1480;12264464;0
292;225;0;833;1480;12264473;0
293;223;0;833;1480;12264482;0
293;222;0;833;1480;12264491;0
294;220;0;833;1480;12264500;0
294;219;0;835;1480;12264509;0
295;217;0;839;1470;12264518;0
295;216;0;833;1470;12264527;0
296;214;0;838;1470;12264536;0
296;213;0;834;1470;12264545;0
297;211;0;836;1460;12264554;0
297;210;0;837;1460;12264563;0
298;208;0;838;1470;12264572;0
298;207;0;839;1480;12264581;0
298;206;0;840;1480;12264590;0
298;205;12;839;1480;12264599;0
299;203;12;841;1480;12264608;0
299;202;0;841;1490;12264617;0
299;201;0;842;1460;12264626;0
299;199;0;827;1470;12264635;0
299;198;0;856;1440;12264644;0
299;197;0;853;1420;12264653;0
299;195;0;854;1420;12264662;0
299;194;0;856;1420;12264671;0
299;193;0;859;1420;12264680;0
299;191;0;860;1420;12264689;0
298;190;0;860;1420;12264698;0
298;188;0;862;1430;12264707;0
298;187;0;863;1440;12264716;0
297;186;0;864;1440;12264725;0
297;184;0;870;1440;12264734;0
297;183;0;866;1450;12264743;0
296;181;0;869;1450;12264752;0
296;180;0;873;1450;12264761;0
295;178;0;869;1450;12264770;0
295;177;0;874;1450;12264779;0
294;175;0;875;1460;12264788;0
293;174;0;872;1450;12264797;0
292;173;0;873;1460;12264807;0
292;171;0;874;1460;12264816;0
291;170;0;875;1460;12264825;0
289;168;0;875;1460;12264834;0
288;167;0;879;1440;12264843;0
287;165;0;877;1440;12264852;0
286;164;0;878;1430;12264861;0
284;162;0;883;1430;12264870;0
283;161;0;884;1440;12264879;0
281;159;0;881;1460;12264888;0
280;158;0;881;1470;12264897;0
279;157;12;881;1470;12264906;0
277;155;0;881;1450;12264915;0
276;154;12;881;1450;12264924;0
275;153;0;882;1470;12264933;0
273;151;12;881;1470;12264942;0
272;150;0;883;1470;12264951;0
270;149;12;883;1490;12264960;0
268;147;0;887;1470;12264969;0
267;146;0;883;1430;12264978;0
265;145;0;887;1400;12264987;0
263;144;0;884;1350;12264996;0
261;142;0;884;1340;12265005;0
260;141;0;885;1340;12265014;0
258;140;0;886;1340;12265023;0
256;138;0;887;1350;12265032;0
254;137;0;887;1360;12265041;0
253;136;0;888;1360;12265050;0
251;135;0;887;1360;12265059;0
249;134;0;889;1360;12265068;0
248;133;0;889;1380;12265077;0
246;132;0;887;1380;12265086;0
244;131;0;889;1380;12265095;0
243;130;0;891;1390;12265104;0
241;129;0;887;1390;12265113;0
239;128;0;889;1390;12265122;0
237;127;0;888;1380;12265131;0
235;126;0;888;1380;12265140;0
233;125;0;893;1380;12265149;0
231;124;0;889;1400;12265158;0
229;123;0;891;1430;12265167;0
228;122;0;889;1410;12265176;0
226;121;12;889;1430;12265185;0
224;120;0;891;1430;12265194;0
222;119;0;891;1410;12265203;0
220;119;0;891;1410;12265212;0
219;118;0;893;1410;12265221;0
217;117;0;892;1410;12265230;0
215;116;0;893;1410;12265239;0
214;116;0;891;1410;12265248;0
212;115;0;893;1390;12265257;0
210;114;0;892;1390;12265266;0
208;114;0;893;1390;12265275;0
206;113;0;892;1390;12265284;0
204;112;0;891;1390;12265293;0
203;111;0;893;1390;12265302;0
201;111;0;893;1390;12265311;0
199;110;0;893;1390;12265320;0
197;109;0;892;1390;12265329;0
195;109;0;891;1390;12265338;0
193;108;0;892;1400;12265347;0
191;107;0;885;1380;12265356;0
189;107;12;892;1380;12265365;0
187;107;0;892;1350;12265374;0
184;106;0;891;1360;12265383;0
182;106;0;891;1380;12265392;0
180;105;0;891;1390;12265401;0
177;105;0;892;1410;12265410;0
175;105;12;892;1400;12265419;0
173;104;0;892;1400;12265428;0
171;104;0;892;1380;12265437;0
168;104;0;892;1390;12265446;0
166;104;0;891;1390;12265455;0
163;104;0;891;1380;12265464;0
161;104;12;891;1370;12265473;0
159;103;0;891;1370;12265482;0
156;103;0;891;1360;12265491;0
154;103;0;892;1350;12265500;0
152;103;0;892;1350;12265509;0
150;103;0;893;1350;12265518;0
148;103;12;892;1350;12265527;0
146;103;0;891;1350;12265536;0
143;103;0;892;1350;12265545;0
141;104;0;893;1350;12265554;0
139;104;0;891;1340;12265563;0
136;104;0;892;1350;12265572;0
134;104;0;892;1350;12265581;0
131;105;0;891;1350;12265590;0
129;105;0;891;1340;12265599;0
126;105;0;892;1340;12265608;0
124;106;0;892;1340;12265617;0
122;106;0;893;1320;12265626;0
119;107;0;891;1320;12265635;0
117;107;0;891;1340;12265644;0
115;108;0;893;1310;12265653;0
112;109;0;892;1310;12265662;0
110;109;0;892;1300;12265671;0
108;110;0;895;1290;12265680;0
105;111;0;893;1300;12265689;0
103;112;0;893;1300;12265698;0
101;113;0;894;1270;12265707;0
99;114;0;895;1290;12265716;0
97;115;0;893;1290;12265725;0
96;116;0;894;1290;12265734;0
94;117;0;896;1290;12265743;0
92;118;0;899;1270;12265752;0
90;119;0;895;1270;12265761;0
88;120;0;899;1270;12265770;0
86;121;0;895;1250;12265779;0
85;122;0;896;1260;12265788;0
83;123;0;896;1270;12265797;0
81;124;0;896;1270;12265806;0
80;125;0;894;1270;12265815;0
78;126;0;896;1280;12265824;0
77;127;0;896;1280;12265833;0
76;128;0;895;1280;12265842;0
75;129;0;895;1280;12265851;0
73;130;0;896;1280;12265860;0
72;131;0;895;1290;12265869;0
71;133;0;894;1270;12265878;0
71;134;0;893;1260;12265887;0
70;136;0;895;1260;12265896;0
69;137;0;895;1230;12265905;0
68;139;0;895;1240;12265914;0
67;141;12;895;1230;12265923;0
66;143;0;894;1220;12265932;0
65;145;0;895;1220;12265941;0
65;147;0;896;1190;12265950;0
64;149;0;895;1170;12265959;0
63;151;0;895;1160;12265968;0
63;153;0;896;1150;12265977;0
62;154;0;894;1160;12265986;0
61;156;0;895;1160;12265995;0
60;158;0;896;1170;12266004;0
59;160;0;896;1180;12266013;0
59;161;0;896;1180;12266022;0
58;163;0;896;1190;12266031;0
57;165;0;900;1190;12266040;0
56;167;0;895;1200;12266049;0
55;170;0;896;1200;12266058;0
54;172;0;895;1220;12266067;0
53;174;0;896;1220;12266076;0
53;176;0;894;1220;12266085;0
52;179;0;894;1240;12266095;0
51;181;0;894;1240;12266104;0
50;183;0;894;1230;12266113;0
50;186;0;893;1230;12266122;0
49;188;0;893;1230;12266131;0
48;190;0;891;1230;12266140;0
48;192;0;891;1230;12266149;0
48;195;0;891;1220;12266158;0
47;197;0;889;1220;12266167;0
47;200;0;886;1200;12266176;0
47;202;0;891;1190;12266185;0
47;204;0;886;1190;12266194;0
46;206;0;880;1180;12266203;0
46;209;0;879;1180;12266212;0
46;211;0;878;1190;12266221;0
46;214;0;878;1190;12266230;0
46;216;0;877;1190;12266239;0
47;219;0;877;1200;12266248;0
47;221;0;876;1210;12266257;0
47;224;0;876;1220;12266266;0
48;226;0;877;1220;12266275;0
48;228;0;876;1220;12266284;0
49;231;0;875;1220;12266293;0
49;233;0;877;1220;12266302;0
50;236;0;876;1200;12266311;0
51;238;12;875;1220;12266320;0
52;240;12;876;1220;12266329;0
52;243;12;875;1220;12266338;0
53;245;0;876;1220;12266347;0
54;247;0;877;1200;12266356;0
55;250;0;875;1190;12266365;0
56;252;0;875;1180;12266374;0
57;254;0;875;1160;12266383;0
58;256;0;875;1160;12266392;0
58;258;0;876;1160;12266401;0
59;260;0;876;1150;12266410;0
60;262;0;876;1160;12266419;0
61;265;0;875;1170;12266428;0
62;267;0;876;1180;12266437;0
62;269;0;875;1180;12266446;0
63;271;0;876;1190;12266455;0
64;273;0;875;1200;12266464;0
65;275;0;875;1200;12266473;0
66;277;0;876;1220;12266482;0
67;279;0;876;1220;12266491;0
68;281;12;875;1220;12266500;0
69;282;0;880;1220;12266509;0
70;284;0;875;1220;12266518;0
71;286;12;876;1230;12266527;0
72;288;0;876;1230;12266536;0
73;290;0;876;1230;12266545;0
75;292;0;876;1230;12266554;0
76;293;0;876;1250;12266563;0
77;295;12;875;1240;12266572;0
79;296;0;876;1260;12266581;0
80;298;0;880;1230;12266590;0
82;299;0;877;1200;12266599;0
83;301;0;880;1180;12266608;0
85;302;0;876;1190;12266617;0
87;303;0;876;1210;12266626;0
88;304;0;877;1240;12266635;0
90;305;0;876;1250;12266644;0
91;307;0;876;1260;12266653;0
93;308;0;877;1260;12266662;0
94;309;0;876;1260;12266671;0
96;311;0;878;1260;12266680;0
97;312;0;877;1270;12266689;0
99;314;0;877;1260;12266698;0
100;315;0;875;1260;12266707;0
101;316;0;877;1260;12266716;0
103;318;0;877;1260;12266725;0
104;319;0;878;1260;12266734;0
106;320;12;871;1260;12266743;0
107;321;0;878;1260;12266752;0
109;322;0;877;1260;12266761;0
110;323;0;882;1260;12266770;0
112;323;0;878;1260;12266779;0
113;324;0;878;1270;12266788;0
115;326;0;871;1270;12266797;0
116;327;0;878;1300;12266806;0
118;328;12;878;1300;12266815;0
120;329;0;878;1300;12266824;0
121;330;0;878;1300;12266833;0
123;331;0;878;1300;12266842;0
125;331;0;880;1300;12266851;0
126;332;0;878;1300;12266860;0
128;333;0;879;1300;12266869;0
130;334;12;878;1320;12266878;0
132;335;0;878;1320;12266887;0
134;335;0;878;1350;12266896;0
136;336;0;879;1340;12266905;0
138;337;0;884;1320;12266914;0
140;338;12;878;1310;12266923;0
142;338;0;879;1290;12266932;0
144;339;0;880;1300;12266941;0
146;339;0;879;1310;12266950;0
149;340;0;880;1300;12266959;0
151;341;0;880;1310;12266968;0
153;341;0;879;1300;12266977;0
155;342;12;879;1310;12266986;0
157;343;0;880;1300;12266995;0
159;344;12;881;1310;12267004;0
162;344;0;880;1310;12267013;0
164;345;0;880;1310;12267022;0
166;346;12;881;1310;12267031;0
168;346;0;880;1320;12267040;0
170;347;0;881;1320;12267049;0
173;347;0;881;1320;12267058;0
175;348;0;882;1340;12267067;0
177;348;0;882;1340;12267076;0
180;348;0;883;1340;12267085;0
182;348;0;883;1350;12267094;0
184;348;0;882;1320;12267103;0
186;348;0;882;1310;12267112;0
188;348;0;884;1290;12267121;0
190;348;0;882;1280;12267130;0
192;348;0;883;1280;12267139;0
194;348;0;882;1290;12267148;0
196;348;0;884;1310;12267157;0
198;348;0;884;1320;12267166;0
200;348;0;883;1320;12267175;0
202;348;0;883;1320;12267184;0
204;348;0;884;1310;12267193;0
206;348;0;884;1300;12267202;0
208;348;0;884;1300;12267211;0
210;348;0;885;1300;12267220;0
211;348;0;885;1310;12267229;0
213;347;0;878;1320;12267238;0
215;347;0;885;1340;12267247;0
217;347;0;886;1340;12267256;0
219;347;0;885;1320;12267265;0
221;346;0;878;1320;12267274;0
222;346;0;887;1320;12267283;0
224;346;0;887;1350;12267292;0
225;345;0;887;1350;12267301;0
227;345;0;892;1350;12267310;0
229;345;0;888;1350;12267319;0
231;344;0;888;1350;12267328;0
233;344;0;887;1360;12267337;0
234;343;0;887;1360;12267346;0
236;343;0;887;1340;12267355;0
238;343;0;888;1320;12267364;0
239;342;0;891;1310;12267373;0
241;342;0;889;1320;12267383;0
242;341;0;891;1320;12267392;0
244;341;0;889;1310;12267401;0
245;340;0;891;1320;12267410;0
247;340;0;891;1320;12267419;0
248;339;0;891;1320;12267428;0
250;338;0;891;1320;12267437;0
252;338;0;891;1320;12267446;0
253;337;0;891;1320;12267455;0
255;337;0;891;1320;12267464;0
257;336;0;891;1320;12267473;0
258;335;0;891;1320;12267482;0
260;335;0;892;1320;12267491;0
262;334;0;892;1320;12267500;0
264;333;0;891;1320;12267509;0
266;333;0;891;1320;12267518;0
267;332;0;891;1340;12267527;0
269;331;0;895;1350;12267536;0
271;331;0;896;1350;12267545;0
272;330;0;892;1350;12267554;0
274;329;0;893;1380;12267563;0
275;328;0;892;1380;12267572;0
277;327;0;893;1390;12267581;0
279;326;0;895;1390;12267590;0
280;325;0;895;1410;12267599;0
283;324;0;895;1390;12267608;0
284;323;0;895;1410;12267617;0
286;322;0;900;1390;12267626;0
288;321;0;889;1380;12267635;0
289;320;0;897;1380;12267644;0
291;318;0;896;1360;12267653;0
292;317;12;896;1360;12267662;0
294;316;0;896;1360;12267671;0
295;315;12;897;1380;12267680;0
297;314;0;896;1380;12267689;0
298;313;0;901;1380;12267698;0
299;312;12;899;1380;12267707;0
301;311;0;897;1380;12267716;0
302;310;0;897;1380;12267725;0
303;309;0;900;1380;12267734;0
304;308;0;899;1360;12267743;0
305;307;0;900;1360;12267752;0
306;306;0;902;1360;12267761;0
307;305;0;903;1380;12267770;0
308;303;0;903;1380;12267779;0
309;302;0;905;1380;12267788;0
310;301;12;903;1380;12267797;0
311;300;0;905;1380;12267806;0
312;299;0;905;1360;12267815;0
312;297;0;904;1350;12267824;0
313;296;0;903;1340;12267833;0
314;295;0;904;1320;12267842;0
315;294;0;904;1340;12267851;0
316;293;0;908;1340;12267860;0
317;291;0;904;1340;12267869;0
318;290;0;905;1350;12267878;0
319;289;0;905;1350;12267887;0
320;288;0;904;1350;12267896;0
321;286;0;903;1350;12267905;0
322;285;0;905;1360;12267914;0
323;284;0;903;1380;12267923;0
324;282;0;904;1380;12267932;0
325;281;0;905;1390;12267941;0
326;280;0;911;1410;12267950;0
327;278;0;908;1410;12267959;0
328;277;0;909;1410;12267968;0
328;276;0;911;1410;12267977;0
329;275;0;911;1410;12267986;0
330;273;0;914;1410;12267995;0
330;272;0;911;1420;12268004;0
331;271;0;911;1420;12268013;0
332;270;0;909;1420;12268022;0
332;268;0;910;1420;12268031;0
333;267;0;909;1450;12268040;0
334;266;0;910;1450;12268049;0
335;265;0;912;1450;12268058;0
335;264;0;909;1440;12268067;0
336;262;0;911;1420;12268076;0
337;261;0;908;1400;12268085;0
338;260;0;908;1400;12268094;0
338;259;0;912;1400;12268103;0
339;258;0;911;1400;12268112;0
340;257;0;908;1390;12268121;0
341;256;0;908;1390;12268130;0
342;254;12;914;1400;12268139;0
342;253;12;910;1400;12268148;0
343;252;12;911;1420;12268157;0
343;251;0;911;1400;12268166;0
344;250;0;910;1410;12268175;0
345;249;0;910;1420;12268184;0
345;248;0;910;1420;12268193;0
346;246;0;913;1430;12268202;0
347;245;0;908;1430;12268211;0
348;244;0;908;1430;12268220;0
349;243;0;910;1430;12268229;0
349;242;0;908;1440;12268238;0
350;240;0;911;1430;12268247;0
351;239;0;909;1440;12268256;0
352;238;0;909;1440;12268265;0
353;236;0;908;1430;12268274;0
355;235;0;909;1440;12268283;0
356;234;0;909;1440;12268292;0
357;233;0;909;1440;12268301;0
358;232;0;913;1460;12268310;0
359;230;0;909;1470;12268319;0
360;229;0;911;1470;12268328;0
361;228;0;909;1470;12268337;0
362;227;0;908;1480;12268346;0
362;226;0;908;1480;12268355;0
363;225;0;908;1490;12268364;0
364;224;0;908;1490;12268373;0
365;223;0;909;1510;12268382;0
366;222;0;908;1490;12268391;0
367;221;0;908;1510;12268400;0
367;221;0;908;1510;12268409;0
368;220;0;908;1500;12268418;0
369;219;0;911;1500;12268427;0
370;218;0;911;1510;12268436;0
370;218;0;908;1510;12268445;0
371;217;0;908;1520;12268454;0
372;217;0;908;1510;12268463;0
372;216;0;908;1510;12268472;0
373;216;0;909;1510;12268481;0
373;215;0;909;1510;12268490;0
374;215;0;902;1520;12268499;0
374;214;0;910;1510;12268508;0
375;214;0;909;1540;12268517;0
376;213;0;903;1540;12268526;0
376;212;0;911;1540;12268535;0
377;212;0;911;1540;12268544;0
377;211;0;911;1540;12268553;0
378;211;0;912;1540;12268562;0
378;210;0;911;1550;12268571;0
379;210;0;912;1550;12268580;0
380;210;0;913;1550;12268589;0
380;209;0;911;1550;12268598;0
381;209;0;912;1550;12268607;0
381;208;0;917;1540;12268616;0
382;208;0;917;1550;12268625;0
383;207;0;918;1540;12268634;0
383;207;0;915;1540;12268643;0
383;207;0;917;1540;12268652;0
384;207;0;924;1550;12268661;0
384;206;0;922;1550;12268671;0
384;206;12;924;1550;12268680;0
384;206;0;926;1550;12268689;0
384;206;0;926;1550;12268698;0
384;206;0;925;1550;12268707;0
385;206;0;924;1550;12268716;0
385;206;12;930;1550;12268725;0
386;205;0;926;1540;12268734;0
386;205;12;932;1530;12268743;0
387;204;0;933;1510;12268752;0
387;204;0;929;1510;12268761;0
388;204;0;935;1510;12268770;0
388;203;0;932;1510;12268779;0
389;203;0;926;1510;12268788;0
389;203;0;936;1510;12268797;0
389;203;0;937;1510;12268806;0
389;203;12;936;1510;12268815;0
389;203;0;935;1520;12268824;0
389;203;12;927;1520;12268833;0
390;203;0;896;1520;12268842;0
390;203;0;861;1520;12268851;0
390;204;0;804;1520;12268860;0
391;206;0;713;1530;12268869;0
391;207;12;495;1530;12268878;0
205;205;0;39;1430;12279460;1
205;205;0;58;1440;12279469;1
205;204;12;75;1440;12279478;1
205;204;0;99;1440;12279487;1
205;204;12;149;1440;12279496;1
205;203;0;188;1440;12279505;1
204;203;0;224;1440;12279514;1
204;203;0;250;1440;12279523;1
204;202;0;262;1440;12279532;1
204;202;28;276;1440;12279541;1
204;202;0;286;1430;12279550;1
204;202;0;292;1440;12279559;1
203;201;0;297;1440;12279568;1
203;201;0;299;1440;12279577;1
203;201;0;305;1440;12279586;1
203;201;12;315;1440;12279595;1
203;201;0;331;1410;12279604;1
203;200;0;350;1390;12279613;1
203;200;0;385;1380;12279622;1
203;200;0;408;1340;12279631;1
203;200;0;430;1340;12279640;1
203;200;0;450;1340;12279649;1
203;200;0;465;1340;12279658;1
203;200;0;478;1340;12279667;1
203;200;0;493;1340;12279676;1
203;200;0;507;1340;12279685;1
203;200;0;525;1340;12279694;1
203;200;0;542;1350;12279703;1
203;200;0;558;1350;12279712;1
203;200;0;571;1350;12279721;1
203;199;0;578;1360;12279730;1
203;199;0;583;1360;12279739;1
202;199;0;586;1360;12279748;1
202;199;0;592;1360;12279757;1
202;199;0;594;1360;12279766;1
202;199;0;602;1360;12279775;1
202;199;0;606;1360;12279784;1
202;199;0;614;1360;12279793;1
202;199;0;614;1380;12279802;1
202;199;0;627;1360;12279812;1
202;199;0;635;1380;12279821;1
202;199;0;640;1360;12279830;1
202;199;0;645;1360;12279839;1
202;198;0;638;1360;12279848;1
201;198;0;649;1360;12279857;1
201;198;0;651;1350;12279866;1
201;198;0;658;1360;12279875;1
201;198;0;666;1380;12279884;1
201;198;0;673;1380;12279893;1
201;198;0;680;1360;12279902;1
201;197;0;685;1380;12279911;1
201;197;0;690;1380;12279920;1
201;197;0;693;1380;12279929;1
201;197;0;698;1380;12279938;1
201;197;0;696;1380;12279947;1
202;197;0;696;1380;12279956;1
202;197;0;699;1380;12279965;1
202;197;0;695;1380;12279974;1
202;197;0;695;1380;12279983;1
202;196;0;694;1380;12279992;1
202;196;0;696;1380;12280001;1
202;196;0;697;1380;12280010;1
202;196;0;696;1390;12280019;1
203;196;0;696;1380;12280028;1
203;196;0;696;1380;12280037;1
203;196;0;697;1380;12280046;1
203;196;0;698;1380;12280055;1
204;195;0;699;1390;12280064;1
204;195;0;699;1390;12280073;1
205;195;0;700;1390;12280082;1
205;195;0;700;1410;12280091;1
206;195;0;700;1390;12280100;1
206;194;0;702;1390;12280109;1
207;194;0;702;1380;12280118;1
208;194;0;702;1380;12280127;1
208;194;0;702;1380;12280136;1
209;193;0;702;1380;12280145;1
209;193;0;703;1360;12280154;1
210;193;0;703;1380;12280163;1
210;193;0;704;1390;12280172;1
210;193;0;709;1390;12280181;1
211;192;0;705;1390;12280190;1
212;192;0;705;1390;12280199;1
212;192;0;707;1390;12280208;1
213;192;0;708;1390;12280217;1
213;191;0;708;1390;12280226;1
214;191;0;709;1420;12280235;1
214;191;0;711;1410;12280244;1
214;191;0;712;1420;12280253;1
214;191;0;714;1410;12280262;1
214;191;0;717;1410;12280271;1
215;190;0;718;1410;12280280;1
215;190;0;720;1410;12280289;1
215;190;0;720;1420;12280298;1
216;190;0;723;1420;12280307;1
216;189;0;719;1420;12280316;1
217;189;0;723;1420;12280325;1
217;189;0;721;1420;12280334;1
217;188;0;723;1420;12280343;1
217;188;0;726;1420;12280352;1
218;188;0;726;1440;12280361;1
218;187;0;726;1420;12280370;1
218;187;0;728;1420;12280379;1
218;187;0;728;1420;12280388;1
219;186;0;727;1440;12280397;1
219;186;0;727;1440;12280406;1
220;185;0;727;1440;12280415;1
220;185;0;729;1440;12280424;1
221;184;0;731;1460;12280433;1
221;184;0;729;1460;12280442;1
221;183;0;729;1460;12280451;1
221;183;0;730;1470;12280460;1
222;183;0;735;1470;12280469;1
222;183;0;732;1470;12280478;1
222;182;0;734;1470;12280487;1
222;182;0;736;1470;12280496;1
222;182;0;738;1470;12280505;1
223;181;0;741;1470;12280514;1
223;181;0;741;1490;12280523;1
223;180;0;742;1470;12280532;1
223;180;0;745;1470;12280541;1
223;179;0;749;1470;12280550;1
223;179;0;748;1470;12280559;1
223;178;0;749;1490;12280568;1
223;178;0;751;1490;12280577;1
223;177;0;751;1490;12280586;1
224;176;0;756;1490;12280595;1
224;175;0;753;1500;12280604;1
224;175;0;754;1500;12280613;1
224;174;0;754;1500;12280622;1
224;173;0;759;1500;12280631;1
224;172;0;757;1500;12280640;1
224;171;0;759;1500;12280649;1
224;170;0;760;1490;12280658;1
224;170;0;760;1490;12280667;1
224;169;0;763;1490;12280676;1
224;168;0;762;1490;12280685;1
224;167;0;761;1500;12280694;1
224;167;0;763;1490;12280703;1
223;166;0;768;1490;12280712;1
223;166;0;771;1490;12280721;1
223;165;0;769;1490;12280730;1
222;164;0;770;1490;12280739;1
222;164;0;773;1490;12280748;1
222;163;0;773;1490;12280757;1
221;162;0;776;1490;12280766;1
221;162;0;776;1490;12280775;1
221;161;12;776;1490;12280784;1
221;161;0;782;1490;12280793;1
220;160;0;778;1490;12280802;1
220;159;0;779;1470;12280811;1
219;159;0;779;1470;12280820;1
219;158;12;779;1470;12280829;1
219;158;0;780;1470;12280838;1
218;157;0;779;1470;12280847;1
218;157;0;782;1470;12280856;1
217;156;0;779;1470;12280865;1
217;156;0;780;1490;12280874;1
216;155;0;781;1500;12280883;1
216;155;0;780;1500;12280892;1
215;154;0;782;1500;12280901;1
214;153;0;785;1490;12280910;1
213;153;0;786;1490;12280919;1
213;153;0;787;1490;12280928;1
212;152;12;788;1490;12280937;1
211;152;0;788;1490;12280946;1
211;151;0;788;1500;12280955;1
210;151;12;792;1500;12280964;1
209;151;0;788;1500;12280973;1
208;150;0;792;1500;12280982;1
207;150;0;786;1500;12280991;1
206;150;0;788;1500;12281000;1
205;149;0;788;1500;12281009;1
204;149;0;788;1500;12281018;1
203;149;0;792;1500;12281027;1
202;148;0;792;1500;12281036;1
201;148;0;788;1500;12281045;1
200;148;0;788;1500;12281054;1
199;148;0;787;1500;12281063;1
197;147;0;787;1500;12281072;1
196;147;0;785;1500;12281081;1
194;147;0;785;1480;12281090;1
193;147;0;787;1480;12281100;1
191;147;0;787;1450;12281109;1
189;147;0;785;1410;12281118;1
188;147;0;792;1370;12281127;1
186;147;0;786;1300;12281136;1
184;147;0;788;1300;12281145;1
182;147;0;788;1320;12281154;1
180;147;0;788;1330;12281163;1
178;148;0;788;1400;12281172;1
176;148;0;788;1430;12281181;1
175;148;0;788;1460;12281190;1
173;148;0;790;1490;12281199;1
171;149;0;793;1470;12281208;1
170;149;0;789;1470;12281217;1
168;150;0;790;1460;12281226;1
167;150;0;788;1460;12281235;1
166;150;0;792;1460;12281244;1
164;151;0;792;1450;12281253;1
163;151;0;790;1450;12281262;1
161;152;0;790;1430;12281271;1
160;152;0;790;1430;12281280;1
158;153;0;788;1420;12281289;1
157;153;0;789;1430;12281298;1
155;154;0;790;1430;12281307;1
154;155;0;789;1420;12281316;1
153;156;0;788;1420;12281325;1
151;156;0;789;1420;12281334;1
150;157;0;792;1420;12281343;1
148;158;0;790;1420;12281352;1
147;159;0;789;1420;12281361;1
145;160;0;788;1420;12281370;1
144;162;0;788;1420;12281379;1
142;163;0;789;1420;12281388;1
141;164;0;789;1420;12281397;1
140;165;0;789;1420;12281406;1
138;166;0;790;1410;12281415;1
137;168;0;792;1420;12281424;1
136;169;0;790;1420;12281433;1
135;170;0;794;1420;12281442;1
133;172;0;790;1410;12281451;1
132;173;0;792;1420;12281460;1
131;174;0;792;1410;12281469;1
130;176;0;792;1410;12281478;1
129;177;0;792;1410;12281487;1
128;179;0;792;1390;12281496;1
127;180;0;793;1380;12281505;1
126;182;0;792;1380;12281514;1
125;183;0;797;1360;12281523;1
124;185;0;793;1360;12281532;1
124;186;0;792;1360;12281541;1
123;188;0;792;1360;12281550;1
123;189;0;793;1360;12281559;1
122;191;0;792;1360;12281568;1
122;192;0;796;1350;12281577;1
121;194;0;792;1350;12281586;1
121;196;0;792;1350;12281595;1
120;197;0;792;1330;12281604;1
120;199;0;792;1330;12281613;1
120;201;12;786;1370;12281622;1
120;202;0;796;1390;12281631;1
120;204;0;788;1420;12281640;1
119;205;0;786;1440;12281649;1
119;207;0;787;1430;12281658;1
119;208;0;790;1430;12281667;1
119;210;0;786;1430;12281676;1
119;211;0;789;1430;12281685;1
119;213;0;787;1420;12281694;1
119;214;0;787;1420;12281703;1
119;216;0;787;1420;12281712;1
119;218;0;788;1420;12281721;1
119;220;0;790;1410;12281730;1
119;223;0;793;1410;12281739;1
119;225;0;790;1410;12281748;1
118;227;0;794;1390;12281757;1
118;229;0;790;1390;12281766;1
118;232;12;788;1380;12281775;1
118;234;0;790;1360;12281784;1
118;236;12;790;1360;12281793;1
119;238;12;792;1380;12281802;1
119;240;0;792;1360;12281811;1
119;243;12;792;1360;12281820;1
120;245;0;792;1360;12281829;1
120;247;0;792;1350;12281838;1
120;249;0;792;1330;12281847;1
121;250;0;792;1350;12281856;1
122;252;0;794;1350;12281865;1
122;254;0;792;1370;12281874;1
123;255;0;797;1380;12281883;1
124;257;0;793;1380;12281892;1
125;259;0;794;1380;12281901;1
126;260;0;794;1380;12281910;1
126;262;0;795;1380;12281919;1
127;264;0;796;1380;12281928;1
128;265;0;795;1400;12281937;1
129;267;12;797;1380;12281946;1
131;268;0;797;1400;12281955;1
132;270;0;797;1400;12281964;1
133;271;0;797;1400;12281973;1
134;273;0;797;1410;12281982;1
135;274;0;798;1380;12281991;1
137;275;0;803;1370;12282000;1
138;277;0;799;1330;12282009;1
139;278;0;798;1320;12282018;1
140;279;0;804;1320;12282027;1
142;281;12;799;1320;12282036;1
143;282;0;803;1320;12282045;1
144;283;0;801;1320;12282054;1
146;285;0;801;1320;12282063;1
147;286;0;803;1300;12282072;1
149;287;12;802;1300;12282081;1
150;288;0;803;1320;12282090;1
152;290;0;803;1300;12282099;1
153;291;12;804;1300;12282108;1
155;292;0;808;1300;12282117;1
157;293;0;805;1290;12282126;1
159;294;12;806;1300;12282135;1
161;295;0;806;1300;12282144;1
162;296;0;811;1300;12282153;1
164;297;12;807;1300;12282162;1
166;298;0;808;1320;12282171;1
168;299;0;807;1330;12282180;1
170;300;0;808;1370;12282189;1
171;300;0;809;1380;12282198;1
173;301;0;811;1430;12282207;1
175;301;0;812;1430;12282216;1
177;301;0;812;1450;12282225;1
179;301;0;814;1460;12282234;1
182;302;0;815;1460;12282243;1
184;302;0;816;1480;12282252;1
186;301;0;817;1450;12282261;1
187;301;0;818;1430;12282270;1
189;301;0;823;1390;12282279;1
191;301;0;820;1380;12282288;1
193;300;0;819;1360;12282297;1
195;300;0;821;1380;12282306;1
197;300;0;825;1380;12282315;1
199;299;0;822;1390;12282324;1
201;299;12;823;1390;12282333;1
203;298;0;825;1390;12282342;1
206;298;0;825;1370;12282351;1
208;298;0;825;1350;12282360;1
210;297;0;825;1330;12282369;1
212;297;0;825;1320;12282378;1
214;297;0;825;1320;12282388;1
216;297;12;827;1330;12282397;1
218;296;0;825;1350;12282406;1
219;296;0;827;1370;12282415;1
221;295;0;828;1370;12282424;1
223;295;0;828;1370;12282433;1
225;294;0;828;1370;12282442;1
227;294;0;830;1390;12282451;1
229;293;0;830;1400;12282460;1
231;293;0;831;1420;12282469;1
233;292;0;831;1450;12282478;1
235;291;0;836;1450;12282487;1
237;290;12;832;1420;12282496;1
239;289;0;835;1390;12282505;1
240;289;0;836;1370;12282514;1
242;288;0;837;1320;12282523;1
243;286;0;839;1320;12282532;1
245;285;0;840;1330;12282541;1
246;284;0;844;1330;12282550;1
248;283;0;845;1350;12282559;1
249;281;0;845;1370;12282568;1
250;280;0;847;1370;12282577;1
252;278;0;847;1370;12282586;1
253;277;0;847;1380;12282595;1
255;275;0;845;1380;12282604;1
256;273;0;847;1400;12282613;1
258;271;0;845;1400;12282622;1
259;269;0;847;1400;12282631;1
261;268;0;847;1410;12282640;1
262;266;0;848;1410;12282649;1
264;264;0;848;1430;12282658;1
265;263;0;851;1430;12282667;1
267;261;0;849;1450;12282676;1
268;260;0;850;1450;12282685;1
269;258;0;848;1450;12282694;1
270;257;0;851;1450;12282703;1
271;255;0;855;1470;12282712;1
272;254;12;852;1480;12282721;1
272;252;0;852;1480;12282730;1
273;251;0;856;1480;12282739;1
274;249;12;853;1460;12282748;1
275;247;0;854;1460;12282757;1
276;245;0;855;1480;12282766;1
277;243;0;856;1470;12282775;1
278;242;0;858;1480;12282784;1
278;240;0;856;1490;12282793;1
279;238;0;858;1510;12282802;1
280;237;0;858;1510;12282811;1
280;235;0;858;1530;12282820;1
281;233;0;860;1540;12282829;1
281;232;0;860;1540;12282838;1
282;230;0;860;1550;12282847;1
282;229;0;860;1540;12282856;1
282;227;0;861;1560;12282865;1
283;225;0;862;1560;12282874;1
283;224;0;862;1560;12282883;1
283;222;0;863;1570;12282892;1
283;221;0;863;1540;12282901;1
284;219;0;863;1550;12282910;1
284;218;0;866;1510;12282919;1
284;216;0;866;1510;12282928;1
284;215;0;867;1520;12282937;1
284;214;0;868;1520;12282946;1
284;213;0;869;1520;12282955;1
284;211;0;870;1530;12282964;1
283;210;0;875;1530;12282973;1
283;209;0;876;1530;12282982;1
283;208;12;873;1550;12282991;1
283;207;0;872;1550;12283000;1
282;205;12;873;1590;12283009;1
282;204;0;878;1590;12283018;1
282;203;0;875;1590;12283027;1
281;202;0;876;1570;12283036;1
281;201;0;862;1550;12283045;1
280;199;0;883;1530;12283054;1
280;198;0;885;1520;12283063;1
279;197;0;886;1520;12283072;1
279;195;0;887;1500;12283081;1
278;194;0;888;1510;12283090;1
278;192;0;888;1510;12283099;1
277;191;0;891;1510;12283108;1
277;189;0;889;1520;12283117;1
276;188;0;891;1510;12283126;1
275;186;0;891;1520;12283135;1
274;185;0;891;1520;12283144;1
274;184;0;893;1520;12283153;1
273;182;0;895;1510;12283162;1
272;181;0;897;1510;12283171;1
271;180;0;899;1520;12283180;1
270;179;0;901;1520;12283189;1
269;177;0;905;1520;12283198;1
269;176;0;903;1510;12283207;1
268;175;0;904;1510;12283216;1
267;174;0;907;1500;12283225;1
266;173;0;904;1500;12283234;1
265;172;0;908;1510;12283243;1
264;171;0;908;1510;12283252;1
263;169;0;906;1500;12283261;1
261;168;0;911;1480;12283270;1
260;167;0;909;1480;12283279;1
259;166;0;910;1470;12283288;1
258;164;0;911;1470;12283297;1
256;163;0;912;1480;12283306;1
255;162;0;911;1480;12283315;1
254;161;0;913;1500;12283324;1
253;160;0;917;1500;12283333;1
251;159;12;913;1500;12283342;1
250;159;0;913;1480;12283351;1
249;158;12;914;1500;12283360;1
248;157;0;913;1480;12283369;1
246;156;0;914;1480;12283378;1
245;155;0;919;1490;12283387;1
243;154;0;914;1490;12283396;1
242;153;0;915;1490;12283405;1
240;152;0;914;1490;12283414;1
239;152;12;914;1490;12283423;1
237;151;0;914;1510;12283432;1
235;151;12;914;1520;12283441;1
233;150;0;914;1530;12283450;1
231;150;0;914;1560;12283459;1
229;149;0;917;1530;12283468;1
228;149;0;914;1540;12283477;1
226;148;0;914;1520;12283486;1
224;148;0;914;1500;12283495;1
222;147;0;914;1460;12283504;1
220;147;0;914;1420;12283513;1
219;147;0;914;1380;12283522;1
217;146;0;914;1370;12283531;1
215;146;0;914;1350;12283540;1
214;146;0;914;1350;12283549;1
212;146;0;913;1350;12283558;1
211;146;0;914;1330;12283567;1
209;145;0;912;1330;12283576;1
207;145;0;916;1350;12283585;1
206;145;0;911;1330;12283594;1
204;145;0;911;1330;12283603;1
203;145;0;913;1350;12283612;1
201;145;0;913;1330;12283621;1
200;145;0;912;1330;12283630;1
198;145;0;913;1350;12283639;1
197;145;0;914;1330;12283648;1
195;145;0;913;1320;12283657;1
193;145;0;912;1330;12283667;1
192;145;0;912;1330;12283676;1
190;145;0;914;1320;12283685;1
188;145;0;915;1300;12283694;1
186;145;0;913;1280;12283703;1
185;145;0;912;1300;12283712;1
182;146;0;913;1310;12283721;1
181;146;0;914;1330;12283730;1
179;146;0;914;1350;12283739;1
177;146;0;914;1350;12283748;1
175;146;12;914;1350;12283757;1
174;146;0;914;1330;12283766;1
172;147;0;914;1330;12283775;1
170;147;0;914;1330;12283784;1
169;147;0;914;1310;12283793;1
167;147;0;914;1350;12283802;1
165;148;0;915;1380;12283811;1
163;148;0;914;1420;12283820;1
162;148;0;914;1450;12283829;1
160;149;0;915;1450;12283838;1
158;149;0;915;1450;12283847;1
156;150;0;914;1440;12283856;1
154;151;0;914;1440;12283865;1
152;151;0;914;1440;12283874;1
150;152;0;914;1440;12283883;1
148;152;0;914;1440;12283892;1
146;153;0;914;1420;12283901;1
143;154;0;915;1410;12283910;1
141;154;0;914;1390;12283919;1
139;155;0;915;1390;12283928;1
137;156;0;915;1410;12283937;1
134;157;0;914;1420;12283946;1
132;157;0;916;1410;12283955;1
130;158;0;915;1400;12283964;1
128;159;0;916;1400;12283973;1
126;160;0;915;1400;12283982;1
124;160;0;917;1380;12283991;1
122;161;0;916;1390;12284000;1
120;162;0;917;1390;12284009;1
118;163;0;918;1380;12284018;1
116;163;0;916;1360;12284027;1
114;164;0;917;1350;12284036;1
112;165;0;917;1350;12284045;1
109;167;0;919;1350;12284054;1
107;168;0;916;1340;12284063;1
105;169;0;916;1350;12284072;1
102;171;0;914;1350;12284081;1
100;172;0;917;1350;12284090;1
98;174;0;916;1350;12284099;1
96;175;0;914;1340;12284108;1
94;177;0;916;1340;12284117;1
92;178;0;914;1340;12284126;1
90;180;0;919;1320;12284135;1
88;181;0;914;1320;12284144;1
86;183;0;915;1310;12284153;1
84;184;0;914;1290;12284162;1
83;185;0;914;1290;12284171;1
81;187;0;913;1310;12284180;1
80;188;0;912;1310;12284189;1
78;190;0;912;1300;12284198;1
77;192;0;911;1280;12284207;1
76;193;0;904;1270;12284216;1
75;195;0;909;1260;12284225;1
74;197;0;912;1240;12284234;1
73;198;0;908;1240;12284243;1
72;200;0;908;1240;12284252;1
71;202;0;911;1240;12284261;1
70;204;0;904;1240;12284270;1
69;206;0;901;1240;12284279;1
68;208;0;902;1220;12284288;1
68;210;0;901;1220;12284297;1
67;212;0;902;1230;12284306;1
66;214;0;902;1240;12284315;1
65;216;0;904;1260;12284324;1
64;219;0;902;1240;12284333;1
63;221;0;903;1260;12284342;1
62;223;0;907;1260;12284351;1
62;226;0;906;1260;12284360;1
61;228;0;902;1260;12284369;1
60;230;0;902;1240;12284378;1
60;232;0;903;1240;12284387;1
59;235;0;902;1230;12284396;1
59;237;12;902;1240;12284405;1
59;239;0;902;1240;12284414;1
59;241;0;902;1240;12284423;1
58;243;12;903;1230;12284432;1
58;246;12;905;1210;12284441;1
58;248;0;900;1210;12284450;1
58;250;0;902;1200;12284459;1
58;252;0;903;1200;12284468;1
58;253;0;902;1210;12284477;1
58;255;0;902;1190;12284486;1
58;257;0;902;1190;12284495;1
58;259;0;902;1190;12284504;1
59;261;0;902;1190;12284513;1
59;263;0;903;1190;12284522;1
59;265;0;902;1210;12284531;1
59;267;12;902;1210;12284540;1
60;269;0;904;1230;12284549;1
60;271;0;902;1250;12284558;1
60;273;0;907;1230;12284567;1
61;274;0;903;1230;12284576;1
61;276;0;903;1210;12284585;1
61;278;0;904;1210;12284594;1
62;280;0;902;1240;12284603;1
62;282;12;904;1270;12284612;1
62;284;0;902;1270;12284621;1
63;285;0;903;1270;12284630;1
63;287;0;902;1270;12284639;1
64;289;0;903;1270;12284648;1
64;291;12;902;1270;12284657;1
65;293;0;903;1290;12284666;1
65;295;12;906;1290;12284675;1
66;297;0;903;1260;12284684;1
67;299;0;902;1250;12284693;1
68;301;0;903;1230;12284702;1
69;303;0;897;1230;12284711;1
70;305;0;903;1230;12284720;1
71;306;0;908;1240;12284729;1
72;308;0;904;1230;12284738;1
73;310;0;904;1240;12284747;1
74;312;0;903;1240;12284756;1
75;314;0;905;1260;12284765;1
76;316;0;903;1260;12284774;1
77;318;12;904;1270;12284783;1
78;320;0;905;1260;12284792;1
79;322;0;905;1270;12284801;1
81;324;0;904;1270;12284810;1
82;326;0;904;1270;12284819;1
83;327;0;904;1290;12284828;1
85;329;0;905;1280;12284837;1
86;331;12;905;1280;12284846;1
87;332;0;903;1280;12284855;1
89;334;0;909;1260;12284864;1
90;335;12;905;1280;12284873;1
92;337;0;908;1280;12284882;1
93;338;0;906;1280;12284891;1
95;340;0;906;1280;12284900;1
97;341;0;907;1280;12284909;1
99;342;0;907;1280;12284918;1
101;344;12;908;1290;12284927;1
103;345;0;909;1290;12284936;1
105;346;12;909;1290;12284945;1
107;347;0;910;1270;12284955;1
110;348;0;911;1320;12284964;1
112;350;0;910;1340;12284973;1
115;351;0;915;1360;12284982;1
117;352;0;911;1410;12284991;1
119;353;0;914;1420;12285000;1
121;354;0;911;1440;12285009;1
124;355;0;915;1450;12285018;1
126;356;12;914;1450;12285027;1
128;357;0;911;1440;12285036;1
130;358;0;912;1440;12285045;1
133;359;12;912;1460;12285054;1
135;359;0;912;1470;12285063;1
138;360;0;917;1470;12285072;1
140;361;0;913;1450;12285081;1
142;361;0;914;1440;12285090;1
144;362;0;914;1390;12285099;1
147;363;0;914;1410;12285108;1
149;363;0;914;1410;12285117;1
151;364;12;915;1420;12285126;1
153;364;0;917;1420;12285135;1
155;365;0;914;1440;12285144;1
157;365;0;917;1440;12285153;1
159;366;0;917;1440;12285162;1
162;366;0;909;1440;12285171;1
164;366;0;917;1450;12285180;1
166;367;0;917;1450;12285189;1
169;367;0;917;1440;12285198;1
171;367;0;918;1470;12285207;1
173;367;0;917;1470;12285216;1
175;368;0;918;1480;12285225;1
177;368;0;918;1480;12285234;1
180;368;0;921;1500;12285243;1
182;368;0;912;1520;12285252;1
185;368;0;921;1490;12285261;1
188;368;0;920;1470;12285270;1
190;368;0;922;1450;12285279;1
193;368;0;924;1410;12285288;1
195;367;12;924;1410;12285297;1
198;367;0;924;1410;12285306;1
201;367;0;917;1410;12285315;1
203;367;0;924;1410;12285324;1
206;366;0;917;1420;12285333;1
208;366;0;925;1420;12285342;1
211;366;0;925;1440;12285351;1
213;365;0;926;1450;12285360;1
216;365;12;926;1470;12285369;1
218;365;0;926;1460;12285378;1
220;364;0;928;1470;12285387;1
223;363;0;928;1470;12285396;1
225;363;0;927;1470;12285405;1
228;362;0;921;1490;12285414;1
230;362;12;927;1510;12285423;1
233;361;0;928;1530;12285432;1
236;361;12;928;1510;12285441;1
239;360;0;928;1470;12285450;1
241;359;0;929;1470;12285459;1
244;359;0;929;1440;12285468;1
246;358;0;935;1450;12285477;1
248;357;12;931;1450;12285486;1
250;356;0;925;1450;12285495;1
252;355;12;934;1450;12285504;1
254;354;0;933;1450;12285513;1
257;353;0;932;1470;12285522;1
259;352;0;933;1470;12285531;1
262;351;0;937;1470;12285540;1
265;350;0;933;1480;12285549;1
267;349;0;933;1470;12285558;1
270;348;0;932;1460;12285567;1
272;346;0;934;1450;12285576;1
275;345;0;934;1420;12285585;1
277;344;0;935;1440;12285594;1
280;343;0;935;1440;12285603;1
282;341;0;936;1460;12285612;1
285;340;0;935;1440;12285621;1
288;338;0;937;1420;12285630;1
290;337;0;936;1400;12285639;1
293;335;0;936;1380;12285648;1
295;334;0;936;1380;12285657;1
298;332;0;929;1380;12285666;1
301;331;0;938;1400;12285675;1
303;329;0;937;1400;12285684;1
306;328;0;938;1400;12285693;1
308;326;0;941;1400;12285702;1
311;325;0;940;1420;12285711;1
313;323;0;943;1420;12285720;1
315;321;0;941;1440;12285729;1
317;320;0;941;1440;12285738;1
319;318;0;941;1460;12285747;1
321;317;0;941;1460;12285756;1
323;315;0;941;1460;12285765;1
325;314;0;942;1460;12285774;1
327;312;0;942;1480;12285783;1
329;310;0;942;1480;12285792;1
331;309;0;942;1510;12285801;1
333;307;0;945;1530;12285810;1
335;306;0;946;1520;12285819;1
337;304;12;937;1490;12285828;1
339;303;0;937;1460;12285837;1
341;301;12;944;1440;12285846;1
343;300;0;945;1430;12285855;1
345;298;0;949;1400;12285864;1
347;296;0;946;1390;12285873;1
349;295;0;946;1370;12285882;1
351;293;0;947;1370;12285891;1
353;291;0;947;1370;12285900;1
355;289;0;949;1370;12285909;1
357;287;0;950;1370;12285918;1
360;285;0;949;1390;12285927;1
362;284;0;949;1410;12285936;1
364;282;0;949;1430;12285945;1
367;280;0;953;1450;12285954;1
369;278;0;951;1490;12285963;1
371;276;0;953;1490;12285972;1
373;274;0;957;1490;12285981;1
374;272;0;953;1510;12285990;1
376;270;0;953;1530;12285999;1
378;268;0;952;1540;12286008;1
380;266;0;953;1560;12286017;1
382;265;0;952;1580;12286026;1
384;263;0;957;1610;12286035;1
385;262;0;953;1560;12286044;1
387;261;12;954;1530;12286053;1
388;259;0;955;1490;12286062;1
389;258;0;957;1430;12286071;1
391;256;0;957;1450;12286080;1
392;255;0;957;1460;12286089;1
393;254;12;958;1460;12286098;1
393;253;0;960;1460;12286107;1
394;252;12;961;1460;12286116;1
395;251;0;962;1450;12286125;1
396;250;0;962;1470;12286134;1
396;248;0;962;1460;12286143;1
397;247;0;962;1460;12286152;1
398;245;0;965;1470;12286161;1
399;244;0;962;1470;12286170;1
400;242;0;965;1470;12286179;1
401;241;0;965;1480;12286188;1
402;239;0;967;1480;12286197;1
403;237;0;965;1480;12286206;1
404;236;0;965;1480;12286215;1
405;234;0;965;1480;12286224;1
406;233;0;966;1500;12286233;1
407;231;0;966;1510;12286243;1
408;230;0;967;1530;12286252;1
409;228;0;967;1540;12286261;1
410;227;0;972;1540;12286270;1
411;225;0;971;1530;12286279;1
412;224;0;972;1530;12286288;1
412;222;0;977;1530;12286297;1
413;221;0;975;1540;12286306;1
413;220;0;977;1530;12286315;1
413;218;0;976;1540;12286324;1
414;217;0;977;1540;12286333;1
414;216;0;977;1540;12286342;1
414;215;0;978;1550;12286351;1
414;213;0;981;1550;12286360;1
415;212;0;983;1550;12286369;1
415;211;0;990;1560;12286378;1
415;210;0;986;1560;12286387;1
415;209;0;990;1570;12286396;1
416;208;0;990;1570;12286405;1
416;207;0;991;1570;12286414;1
416;206;12;997;1580;12286423;1
416;205;0;994;1580;12286432;1
417;204;0;990;1580;12286441;1
417;203;0;998;1570;12286450;1
417;201;0;983;1550;12286459;1
417;200;0;1010;1540;12286468;1
417;199;0;1010;1500;12286477;1
417;198;0;1011;1520;12286486;1
416;197;0;1011;1490;12286495;1
416;196;0;1013;1490;12286504;1
416;196;0;1006;1470;12286513;1
416;195;0;994;1470;12286522;1
416;195;0;971;1470;12286531;1
416;195;0;929;1480;12286540;1
416;195;0;878;1470;12286549;1
417;196;0;817;1490;12286558;1
418;197;0;717;1500;12286567;1
419;198;0;525;1510;12286576;1
420;200;12;125;1510;12286585;1
247;231;738;0;1090;12303645;2
247;231;726;0;1090;12303654;2
247;231;710;0;1070;12303663;2
247;231;694;0;1060;12303672;2
247;231;682;0;1040;12303681;2
246;231;649;0;1010;12303690;2
246;232;633;0;1010;12303699;2
245;233;621;0;980;12303708;2
244;233;589;0;970;12303717;2
243;235;577;0;960;12303726;2
242;236;561;0;950;12303735;2
241;237;533;0;940;12303744;2
240;239;517;0;920;12303753;2
239;240;485;0;930;12303762;2
239;242;457;0;910;12303771;2
239;243;413;0;910;12303780;2
239;245;385;0;920;12303789;2
240;245;341;0;920;12303798;2
240;246;308;0;920;12303807;2
242;246;280;0;900;12303816;2
243;246;248;0;920;12303825;2
244;246;220;0;920;12303834;2
245;246;204;0;920;12303843;2
245;246;192;0;920;12303852;2
246;245;176;0;940;12303861;2
246;244;160;0;940;12303870;2
247;243;160;0;960;12303879;2
248;242;144;0;990;12303888;2
248;241;144;0;990;12303897;2
249;240;144;0;1010;12303906;2
249;239;144;0;1000;12303915;2
249;239;132;0;1000;12303924;2
249;238;132;0;1020;12303933;2
249;238;132;0;1020;12303942;2
249;237;116;0;1020;12303951;2
249;237;100;0;1040;12303960;2
249;237;88;0;1020;12303969;2
249;237;72;0;1020;12303978;2
249;237;56;0;1020;12303987;2
249;237;56;0;1010;12303996;2
248;237;44;0;1010;12304005;2
248;237;28;0;1010;12304014;2
248;236;12;0;1030;12304023;2
248;236;12;0;1030;12304032;2
247;237;0;0;1030;12304041;2
247;237;0;0;1030;12304050;2
247;237;0;0;1030;12304059;2
247;237;0;0;1030;12304068;2
247;238;0;0;1030;12304077;2
247;238;0;0;1010;12304086;2
247;238;0;0;1010;12304095;2
247;239;0;0;1010;12304104;2
247;239;0;0;1010;12304113;2
247;239;0;0;1010;12304122;2
248;239;0;0;1010;12304132;2
248;239;0;0;1010;12304141;2
248;238;0;0;1010;12304150;2
249;238;0;0;1010;12304159;2
249;238;0;0;1010;12304168;2
250;238;0;0;1010;12304177;2
250;238;0;0;1020;12304186;2
250;238;0;0;1010;12304195;2
251;238;0;0;1010;12304204;2
251;238;0;0;1010;12304213;2
251;238;0;22;1030;12304106;2
251;239;0;41;1030;12304115;2
251;239;0;49;1030;12304124;2
251;239;0;52;1030;12304133;2
251;239;0;51;1030;12304142;2
251;240;0;53;1010;12304151;2
251;240;0;54;1010;12304160;2
251;241;0;54;1010;12304169;2
251;241;0;66;1010;12304178;2
251;241;0;94;1010;12304187;2
251;241;0;122;990;12304196;2
251;241;0;152;990;12304205;2
251;241;0;175;990;12304214;2
251;241;0;194;990;12304223;2
251;241;0;206;1010;12304232;2
251;241;0;224;1010;12304241;2
250;242;0;238;1010;12304250;2
250;242;0;247;1030;12304259;2
250;242;0;257;1010;12304268;2
249;242;0;264;1010;12304277;2
249;243;0;275;1010;12304286;2
249;243;0;284;990;12304295;2
248;243;0;292;990;12304304;2
248;243;0;299;990;12304313;2
248;244;0;302;990;12304322;2
247;244;0;302;990;12304331;2
247;244;12;303;990;12304340;2
247;245;0;310;990;12304349;2
247;245;12;321;990;12304358;2
247;245;0;331;990;12304367;2
247;245;0;344;990;12304376;2
247;245;0;355;990;12304385;2
247;245;0;361;990;12304394;2
247;246;0;369;990;12304403;2
247;246;0;372;980;12304412;2
247;246;0;373;980;12304421;2
247;246;0;376;980;12304430;2
247;246;0;379;980;12304439;2
247;246;12;386;1000;12304448;2
247;246;0;396;1000;12304457;2
247;246;0;402;1000;12304466;2
247;246;0;409;1000;12304475;2
247;246;0;418;980;12304484;2
247;246;0;429;980;12304493;2
247;246;0;440;980;12304502;2
247;246;0;450;980;12304511;2
247;246;0;462;980;12304520;2
247;246;0;474;990;12304529;2
247;246;0;488;990;12304538;2
247;246;0;503;990;12304547;2
247;246;0;516;990;12304556;2
247;246;0;531;990;12304565;2
247;246;0;543;990;12304574;2
247;246;0;553;990;12304583;2
247;246;0;562;960;12304592;2
247;246;0;571;960;12304601;2
247;246;0;578;960;12304610;2
247;246;12;583;960;12304619;2
247;246;0;586;960;12304628;2
247;246;0;592;960;12304637;2
247;246;0;596;990;12304646;2
247;246;0;602;990;12304655;2
247;246;12;609;1010;12304664;2
247;246;0;619;990;12304673;2
247;246;0;629;990;12304682;2
247;246;0;637;1010;12304691;2
247;246;0;648;990;12304700;2
247;246;0;656;1010;12304710;2
246;246;0;662;990;12304719;2
246;245;0;671;990;12304728;2
246;245;0;678;970;12304737;2
246;245;0;685;990;12304746;2
246;245;0;690;990;12304755;2
246;245;0;694;990;12304764;2
246;245;0;699;990;12304773;2
246;244;0;702;990;12304782;2
246;244;0;704;990;12304791;2
246;244;0;708;1010;12304800;2
246;243;0;712;1010;12304809;2
245;243;0;714;1010;12304818;2
245;243;0;717;1010;12304827;2
245;242;0;722;1010;12304836;2
245;242;0;724;1010;12304845;2
245;242;0;729;990;12304854;2
245;242;0;732;990;12304863;2
245;241;0;734;990;12304872;2
245;241;0;742;990;12304881;2
245;240;0;741;990;12304890;2
245;240;0;744;990;12304899;2
245;240;0;748;990;12304908;2
245;240;0;752;990;12304917;2
245;240;12;759;990;12304926;2
245;240;0;764;990;12304935;2
245;240;0;773;990;12304944;2
245;240;0;773;990;12304953;2
245;240;0;777;990;12304962;2
245;240;0;780;990;12304971;2
245;240;0;784;990;12304980;2
245;240;0;794;1010;12304989;2
245;240;0;795;990;12304998;2
245;240;0;801;1010;12305007;2
245;240;0;805;1010;12305016;2
245;240;0;814;1010;12305025;2
245;240;0;815;1010;12305034;2
245;240;0;817;1010;12305043;2
245;240;0;819;1010;12305052;2
245;240;0;819;990;12305061;2
245;240;0;820;990;12305070;2
245;240;0;821;990;12305079;2
245;240;0;821;990;12305088;2
245;240;0;821;990;12305097;2
245;240;0;823;990;12305106;2
245;240;12;825;990;12305115;2
245;240;0;827;990;12305124;2
245;240;0;832;990;12305133;2
245;240;0;835;1000;12305142;2
245;240;0;839;1000;12305151;2
245;240;0;847;970;12305160;2
245;240;0;845;970;12305169;2
245;240;0;848;970;12305178;2
245;240;0;848;1000;12305187;2
245;240;0;848;1000;12305196;2
245;240;0;850;1000;12305205;2
245;240;0;851;1000;12305214;2
245;240;0;853;1000;12305223;2
245;240;0;856;1000;12305232;2
245;240;0;858;1000;12305241;2
245;240;0;865;1000;12305250;2
245;240;0;866;1000;12305259;2
245;240;0;869;1010;12305268;2
245;240;0;873;980;12305277;2
245;240;12;878;980;12305286;2
245;240;0;881;1010;12305295;2
245;240;0;885;1010;12305304;2
245;240;0;887;1010;12305313;2
245;240;0;891;1040;12305322;2
245;240;0;893;1010;12305331;2
245;240;0;899;1020;12305340;2
245;240;0;900;1020;12305349;2
245;240;0;902;1020;12305358;2
245;240;0;903;1050;12305367;2
245;240;0;907;1050;12305376;2
245;240;0;907;1020;12305385;2
245;240;0;908;1020;12305394;2
245;240;0;909;1030;12305403;2
245;240;0;911;1030;12305412;2
245;240;0;911;1030;12305421;2
245;241;0;917;1030;12305430;2
245;241;0;915;1030;12305439;2
245;241;0;917;1000;12305448;2
245;241;0;921;1040;12305457;2
245;241;0;924;1040;12305466;2
245;241;0;928;1040;12305475;2
245;241;0;934;1040;12305484;2
245;241;0;936;1030;12305493;2
245;241;0;941;1040;12305502;2
245;241;0;948;1070;12305511;2
245;240;0;953;1040;12305520;2
244;240;0;958;1040;12305529;2
244;240;0;962;1040;12305538;2
244;240;0;965;1040;12305547;2
244;240;0;968;1000;12305556;2
244;240;0;967;1000;12305565;2
244;240;0;968;1000;12305574;2
244;239;0;970;1000;12305583;2
244;239;0;969;1040;12305592;2
244;239;0;965;1040;12305601;2
244;239;0;974;1040;12305610;2
244;238;0;974;1050;12305619;2
243;238;0;977;1050;12305628;2
243;238;0;977;1050;12305637;2
243;237;0;980;1050;12305646;2
243;237;0;980;1050;12305655;2
243;237;0;980;1050;12305664;2
243;237;0;980;1050;12305673;2
243;237;0;982;1050;12305682;2
242;237;0;980;1050;12305691;2
242;236;0;983;1050;12305700;2
242;236;0;984;1010;12305709;2
242;236;0;983;1010;12305718;2
242;236;0;986;1010;12305727;2
242;236;0;987;1010;12305736;2
242;236;0;991;1000;12305745;2
242;236;0;990;1000;12305754;2
242;236;0;991;1000;12305763;2
242;236;12;995;1000;12305772;2
242;236;0;994;1000;12305781;2
242;236;0;995;1000;12305790;2
242;236;0;996;1010;12305799;2
242;236;0;998;1010;12305808;2
242;236;0;997;1040;12305817;2
242;236;0;998;1040;12305826;2
242;236;0;1003;1040;12305835;2
242;236;0;999;1040;12305844;2
241;236;0;999;1040;12305853;2
241;236;0;1000;1050;12305862;2
241;236;0;1001;1050;12305871;2
241;235;0;1001;1050;12305880;2
241;235;0;1000;1040;12305889;2
241;235;12;1001;1040;12305898;2
241;235;0;1002;1070;12305907;2
241;235;0;994;1040;12305916;2
241;235;0;1004;1040;12305925;2
241;235;0;1007;1050;12305934;2
241;235;0;1001;1010;12305943;2
241;235;12;1001;1000;12305952;2
240;235;0;1002;1040;12305961;2
240;235;0;1002;1040;12305970;2
240;235;0;1004;1040;12305979;2
240;235;0;1004;1040;12305988;2
240;235;0;1002;1050;12305998;2
240;235;0;1002;1050;12306007;2
240;235;0;1001;1050;12306016;2
240;235;0;1001;1050;12306025;2
240;235;0;1002;1050;12306034;2
240;235;0;1000;1050;12306043;2
240;235;0;1001;1050;12306052;2
240;235;0;995;1050;12306061;2
240;235;12;1001;1050;12306070;2
239;234;0;1001;1050;12306079;2
239;234;0;1001;1050;12306088;2
239;234;12;1001;1040;12306097;2
239;234;0;1001;1040;12306106;2
239;234;0;1001;1040;12306115;2
239;234;0;1003;1040;12306124;2
239;234;0;1002;1050;12306133;2
239;234;0;1000;1050;12306142;2
239;234;0;1001;1050;12306151;2
239;234;0;1002;1050;12306160;2
239;234;0;1000;1080;12306169;2
239;234;0;1002;1080;12306178;2
239;234;0;1000;1080;12306187;2
239;234;0;999;1080;12306196;2
239;234;12;999;1080;12306205;2
239;234;0;998;1050;12306214;2
239;234;0;999;1080;12306223;2
239;234;0;998;1080;12306232;2
239;234;0;998;1050;12306241;2
239;234;0;998;1050;12306250;2
239;234;0;998;1050;12306259;2
239;234;0;998;1040;12306268;2
239;234;0;998;1050;12306277;2
239;234;0;1000;1050;12306286;2
239;234;0;997;1050;12306295;2
239;234;12;998;1060;12306304;2
239;234;0;998;1060;12306313;2
239;234;0;998;1060;12306322;2
239;234;12;995;1050;12306331;2
239;234;0;993;1050;12306340;2
239;234;0;993;1050;12306349;2
239;234;0;995;1050;12306358;2
239;234;0;992;1040;12306367;2
239;234;12;994;1050;12306376;2
239;234;0;995;1050;12306385;2
239;234;0;992;1050;12306394;2
239;234;0;995;1060;12306403;2
239;234;0;995;1050;12306412;2
239;234;0;995;1050;12306421;2
239;234;0;995;1050;12306430;2
239;234;0;995;1040;12306439;2
239;234;0;995;1040;12306448;2
239;234;0;996;1040;12306457;2
239;234;0;988;1010;12306466;2
239;234;0;995;1010;12306475;2
239;234;0;990;1050;12306484;2
239;234;0;995;1050;12306493;2
239;234;0;996;1050;12306502;2
239;234;12;997;1050;12306511;2
239;234;0;996;1010;12306520;2
239;234;0;1000;1010;12306529;2
239;234;12;998;1010;12306538;2
239;234;0;998;1010;12306547;2
239;234;0;998;1050;12306556;2
239;234;12;999;1050;12306565;2
239;234;0;1000;1050;12306574;2
239;234;0;1002;1040;12306583;2
239;234;0;1000;1050;12306592;2
239;234;0;1002;1050;12306601;2
239;234;0;1003;1050;12306610;2
239;234;0;1001;1010;12306619;2
239;234;0;1001;1010;12306628;2
239;234;0;1001;1050;12306637;2
239;234;0;1001;1050;12306646;2
239;234;0;1001;1050;12306655;2
239;234;0;1001;1050;12306664;2
239;234;0;1000;1050;12306673;2
239;234;0;1001;1010;12306682;2
239;234;0;992;1010;12306691;2
239;234;12;1000;1010;12306700;2
239;234;0;1000;1010;12306709;2
239;234;12;1001;1010;12306718;2
239;234;0;1000;1010;12306727;2
239;234;0;1000;1050;12306736;2
239;234;0;1000;1050;12306745;2
239;234;0;1000;1050;12306754;2
239;234;0;1000;1050;12306763;2
239;234;0;999;1010;12306772;2
239;234;0;1000;1050;12306781;2
239;234;0;998;1010;12306790;2
239;234;0;998;1010;12306799;2
239;234;0;1000;1010;12306808;2
239;234;0;998;1050;12306817;2
239;234;0;999;1050;12306826;2
239;234;0;1001;1050;12306835;2
239;234;0;998;1060;12306844;2
239;234;0;1002;1050;12306853;2
239;234;12;1001;1050;12306862;2
239;234;0;1000;1050;12306871;2
239;234;0;1002;1050;12306880;2
239;234;0;1000;1050;12306889;2
239;234;0;1000;1050;12306898;2
239;234;0;1003;1050;12306907;2
239;234;0;999;1050;12306916;2
239;234;0;999;1050;12306925;2
239;234;0;1002;1010;12306934;2
239;234;0;998;1010;12306943;2
239;234;0;992;1010;12306952;2
239;234;0;1000;1010;12306961;2
239;234;0;1000;1050;12306970;2
239;234;12;994;1050;12306979;2
239;234;0;1001;1050;12306988;2
239;234;0;1001;1050;12306997;2
239;234;0;1001;1050;12307006;2
239;234;0;1002;1050;12307015;2
239;234;0;1001;1050;12307024;2
239;234;12;1001;1050;12307033;2
239;234;0;1000;1050;12307042;2
239;234;0;1001;1050;12307051;2
239;234;0;1001;1050;12307060;2
239;234;0;1000;1050;12307069;2
239;234;0;1003;1050;12307078;2
239;234;0;1003;1050;12307087;2
239;234;12;1001;1050;12307096;2
239;234;0;1001;1050;12307105;2
239;234;0;1003;1050;12307114;2
239;234;0;1003;1050;12307123;2
239;234;0;1004;1050;12307132;2
239;234;0;1001;1050;12307141;2
239;234;0;1007;1050;12307150;2
239;234;0;1004;1040;12307159;2
239;234;0;1004;1050;12307168;2
239;234;12;1003;1050;12307177;2
239;234;0;1002;1050;12307186;2
239;234;0;1004;1050;12307195;2
239;234;0;1002;1050;12307204;2
239;234;0;1002;1050;12307213;2
239;234;0;1007;1050;12307222;2
239;234;0;1007;1050;12307231;2
239;234;0;1002;1050;12307240;2
239;234;12;1001;1050;12307249;2
239;234;0;1002;1050;12307258;2
239;234;0;1001;1050;12307267;2
239;234;0;1000;1050;12307276;2
239;234;0;1001;1050;12307286;2
239;234;0;999;1050;12307295;2
239;234;0;1001;1040;12307304;2
239;234;0;999;1040;12307313;2
239;234;0;1001;1040;12307322;2
239;234;12;999;1000;12307331;2
239;234;0;1001;1000;12307340;2
239;234;0;1000;1000;12307349;2
239;234;0;1000;1010;12307358;2
239;234;0;999;1050;12307367;2
239;234;0;1000;1050;12307376;2
239;234;0;1003;1050;12307385;2
239;234;0;998;1050;12307394;2
239;234;0;1000;1040;12307403;2
239;234;0;1000;1000;12307412;2
239;234;12;1002;1010;12307421;2
239;234;0;999;1050;12307430;2
239;234;12;1001;1040;12307439;2
239;234;0;1000;1040;12307448;2
239;234;0;1000;1040;12307457;2
239;234;0;1000;1000;12307466;2
239;234;0;1000;1010;12307475;2
239;234;0;1001;1050;12307484;2
239;234;0;999;1050;12307493;2
239;234;0;1001;1050;12307502;2
239;234;0;1001;1050;12307511;2
239;234;0;992;1050;12307520;2
239;234;0;1001;1050;12307529;2
239;234;12;1001;1050;12307538;2
239;234;0;1003;1050;12307547;2
239;234;0;1001;1050;12307556;2
239;234;0;1000;1050;12307565;2
239;234;0;999;1050;12307574;2
239;234;0;1001;1050;12307583;2
239;234;0;1000;1050;12307592;2
239;234;0;1001;1050;12307601;2
239;234;0;1002;1050;12307610;2
239;234;0;1001;1050;12307619;2
239;234;12;1002;1050;12307628;2
239;234;0;1002;1050;12307637;2
239;234;0;1002;1050;12307646;2
239;234;0;1002;1050;12307655;2
239;234;0;1004;1010;12307664;2
239;234;0;1002;1010;12307673;2
239;234;12;1002;1010;12307682;2
239;234;0;1001;1050;12307691;2
239;234;0;1002;1050;12307700;2
239;234;0;1003;1050;12307709;2
239;234;0;1002;1050;12307718;2
239;234;0;995;1050;12307727;2
239;234;0;1003;1010;12307736;2
239;234;0;1001;1050;12307745;2
239;234;0;1002;1010;12307754;2
239;234;0;1002;1010;12307763;2
239;234;12;1002;1050;12307772;2
239;234;0;1002;1050;12307781;2
239;234;0;1002;1050;12307790;2
239;234;0;1001;1050;12307799;2
239;234;0;1001;1050;12307808;2
239;234;0;1000;1010;12307817;2
239;234;0;1001;1010;12307826;2
239;234;0;1002;1010;12307835;2
239;234;0;1002;1010;12307844;2
239;234;12;1002;1050;12307853;2
239;234;0;1005;1050;12307862;2
239;234;0;1004;1050;12307871;2
239;234;0;1004;1010;12307880;2
239;234;0;1004;1010;12307889;2
239;234;12;1004;1010;12307898;2
239;234;0;1004;1010;12307907;2
239;234;12;1002;1010;12307916;2
239;234;0;1003;1050;12307925;2
239;234;0;1004;1050;12307934;2
239;234;0;1002;1050;12307943;2
239;234;0;1004;1050;12307952;2
239;234;0;1004;1050;12307961;2
239;234;0;1004;1050;12307970;2
239;234;0;1004;1050;12307979;2
239;234;0;1007;1050;12307988;2
239;234;0;1007;1050;12307997;2
239;234;0;1005;1050;12308006;2
239;234;0;1006;1050;12308015;2
239;234;0;1007;1060;12308024;2
239;234;0;1008;1060;12308033;2
239;234;0;1007;1050;12308042;2
239;235;12;1008;1050;12308051;2
239;235;0;1009;1050;12308060;2
239;235;0;1006;1050;12308069;2
239;235;0;1007;1050;12308078;2
239;235;0;1012;1050;12308087;2
239;235;0;1007;1050;12308096;2
239;235;0;1007;1050;12308105;2
239;235;0;1008;1050;12308114;2
239;235;0;1008;1050;12308123;2
239;235;0;1007;1050;12308132;2
239;235;0;1007;1050;12308141;2
239;235;0;1009;1050;12308150;2
239;235;0;1008;1050;12308159;2
239;235;12;1007;1050;12308168;2
239;235;0;1007;1050;12308177;2
239;235;0;1008;1050;12308186;2
239;235;0;1007;1050;12308195;2
239;235;0;1008;1050;12308204;2
239;235;0;1007;1010;12308213;2
239;235;0;1007;1010;12308222;2
239;235;0;1010;1050;12308231;2
239;235;0;1008;1050;12308240;2
239;235;0;1008;1050;12308249;2
239;235;0;1009;1050;12308258;2
239;235;0;1007;1050;12308267;2
239;235;0;1010;1050;12308276;2
239;235;0;1013;1050;12308285;2
239;235;0;1007;1010;12308294;2
239;235;0;1008;1010;12308303;2
239;235;0;1008;1050;12308312;2
239;235;0;1008;1050;12308321;2
239;235;0;1008;1050;12308330;2
239;235;12;1010;1010;12308339;2
239;235;0;1008;1010;12308348;2
239;235;0;1009;1010;12308357;2
239;235;0;1007;1010;12308366;2
239;235;0;1008;1010;12308375;2
239;235;0;1010;1010;12308384;2
239;235;0;1008;1010;12308393;2
239;235;0;1010;1010;12308402;2
239;235;12;1010;1050;12308411;2
239;235;0;1010;1060;12308420;2
239;235;0;1009;1060;12308429;2
239;235;0;1009;1050;12308438;2
239;235;0;1009;1050;12308447;2
239;235;12;1009;1050;12308456;2
239;235;0;1007;1050;12308465;2
239;235;0;1007;1050;12308474;2
239;235;0;1001;1050;12308483;2
238;235;0;1005;1050;12308492;2
238;235;0;1007;1050;12308501;2
238;235;0;1008;1050;12308510;2
238;235;12;1006;1050;12308519;2
238;235;0;1009;1050;12308528;2
238;235;0;1008;1010;12308537;2
238;236;0;1008;1010;12308546;2
238;236;0;1008;1050;12308555;2
238;236;12;1010;1050;12308564;2
238;236;0;1007;1050;12308574;2
238;236;12;1008;1050;12308583;2
238;236;0;1007;1050;12308592;2
238;236;0;1008;1050;12308601;2
238;236;0;1008;1050;12308610;2
238;236;0;1005;1050;12308619;2
238;236;0;1006;1010;12308628;2
238;236;0;1007;1010;12308637;2
238;236;0;1006;1050;12308646;2
238;236;12;1010;1050;12308655;2
238;236;0;1006;1050;12308664;2
238;236;0;1006;1050;12308673;2
238;236;0;1009;1050;12308682;2
238;236;0;1007;1050;12308691;2
238;236;0;1007;1050;12308700;2
238;236;0;1008;1050;12308709;2
238;236;0;1005;1050;12308718;2
238;236;0;1011;1050;12308727;2
238;236;0;1010;1040;12308736;2
238;236;0;1005;1040;12308745;2
238;236;0;1007;1050;12308754;2
238;236;0;1007;1050;12308763;2
238;236;0;1007;1010;12308772;2
238;237;0;1001;1020;12308781;2
238;237;0;1007;1020;12308790;2
238;237;0;1007;1020;12308799;2
238;237;12;1008;1020;12308808;2
238;237;0;1007;1010;12308817;2
238;237;0;1008;1010;12308826;2
238;237;0;1010;1010;12308835;2
238;237;0;1010;1010;12308844;2
238;237;0;1013;1050;12308853;2
238;237;0;1008;1040;12308862;2
238;237;0;1008;1050;12308871;2
238;237;0;1010;1010;12308880;2
238;237;0;1012;1010;12308889;2
238;237;0;1006;1010;12308898;2
238;237;0;1007;1010;12308907;2
238;237;0;1007;1050;12308916;2
238;237;0;1007;1050;12308925;2
238;237;0;1008;1050;12308934;2
238;237;0;1006;1050;12308943;2
238;237;0;1007;1010;12308952;2
238;237;0;1009;1010;12308961;2
238;237;0;1006;1010;12308970;2
238;237;0;1007;1010;12308979;2
238;237;12;1007;1010;12308988;2
238;237;0;1007;1010;12308997;2
238;237;0;1009;1010;12309006;2
238;237;0;1006;1010;12309015;2
238;238;0;1007;1010;12309024;2
238;238;0;1008;1010;12309033;2
238;238;0;1006;1010;12309042;2
238;238;0;1010;1050;12309051;2
238;238;0;1001;1000;12309060;2
238;238;0;1007;1000;12309069;2
238;238;0;1007;1010;12309078;2
238;238;12;1008;970;12309087;2
238;238;0;1007;1010;12309096;2
238;238;0;1007;1020;12309105;2
238;238;12;1007;1010;12309114;2
238;238;0;1007;1010;12309123;2
238;238;0;1007;1010;12309132;2
238;238;0;1007;1010;12309141;2
238;238;0;1007;1040;12309150;2
238;238;0;1008;1000;12309159;2
238;238;0;1006;1000;12309168;2
238;238;0;1009;1010;12309177;2
238;238;0;1007;1010;12309186;2
238;238;0;1007;970;12309195;2
238;238;0;1007;970;12309204;2
238;238;0;1008;970;12309213;2
238;238;0;1009;970;12309222;2
238;238;0;1008;1010;12309231;2
238;238;0;1007;1010;12309240;2
238;238;0;1007;1010;12309249;2
238;239;0;1009;1000;12309258;2
238;239;0;1007;1000;12309267;2
238;239;0;1007;1000;12309276;2
238;239;0;1010;1010;12309285;2
238;239;0;1007;1010;12309294;2
238;239;0;1006;1010;12309303;2
238;239;0;1007;1010;12309312;2
238;239;0;1006;1010;12309321;2
238;239;0;1007;1000;12309330;2
238;239;0;1007;1000;12309339;2
238;239;0;1007;1000;12309348;2
238;239;0;1008;1000;12309357;2
238;239;0;1007;1000;12309366;2
238;239;0;1007;1000;12309375;2
238;239;0;1008;1000;12309384;2
238;239;0;1007;1000;12309393;2
238;239;0;1008;1000;12309402;2
238;239;0;1008;1000;12309411;2
238;239;0;1007;1010;12309420;2
238;239;0;1007;1010;12309429;2
238;239;0;1007;1010;12309438;2
238;239;0;1007;1010;12309447;2
238;239;0;1007;1010;12309456;2
238;239;0;1007;1010;12309465;2
238;239;0;1007;1000;12309474;2
238;240;0;1007;1000;12309483;2
238;240;0;1006;1000;12309492;2
238;240;0;1006;1000;12309501;2
238;240;0;1007;1010;12309510;2
238;240;0;1006;1010;12309519;2
238;240;0;1007;970;12309528;2
238;240;0;1007;970;12309537;2
238;240;0;1007;970;12309546;2
238;240;0;1008;970;12309555;2
238;240;0;1007;970;12309564;2
238;240;0;1008;970;12309573;2
238;240;0;1007;1000;12309582;2
238;240;0;1008;1000;12309591;2
238;240;0;1009;1000;12309600;2
238;240;0;1010;1000;12309609;2
238;240;0;1008;1010;12309618;2
238;240;0;1009;1000;12309627;2
238;240;0;1010;1000;12309636;2
238;240;0;1008;1000;12309645;2
238;240;0;1009;970;12309654;2
238;240;0;1010;1010;12309663;2
238;240;0;1010;1000;12309672;2
238;240;0;1010;1000;12309681;2
238;240;0;1010;1000;12309690;2
238;240;0;1011;1000;12309699;2
238;240;0;1012;1010;12309708;2
238;240;0;1010;970;12309717;2
238;240;0;1011;970;12309726;2
238;240;0;1012;970;12309735;2
238;240;0;1010;970;12309744;2
238;240;0;1011;970;12309753;2
238;240;0;1010;970;12309762;2
238;240;0;1010;1010;12309771;2
238;240;0;1012;1010;12309780;2
238;240;0;1011;1010;12309789;2
238;240;0;1011;1010;12309798;2
238;240;0;1012;970;12309807;2
238;240;0;1011;970;12309816;2
238;240;0;1011;970;12309825;2
238;240;0;1013;970;12309834;2
238;240;0;1011;970;12309843;2
238;240;0;1011;970;12309852;2
238;240;0;1010;970;12309862;2
238;240;0;1010;970;12309871;2
238;240;0;1012;1010;12309880;2
238;240;0;1010;1010;12309889;2
238;240;0;1010;1010;12309898;2
238;240;0;1010;1000;12309907;2
238;240;0;1010;970;12309916;2
238;240;0;1010;970;12309925;2
237;240;0;1011;970;12309934;2
237;240;0;1009;970;12309943;2
237;240;0;1010;1000;12309952;2
237;241;0;1011;1000;12309961;2
237;241;0;1008;1010;12309970;2
237;241;0;1009;1010;12309979;2
237;241;0;1010;1010;12309988;2
237;241;0;1009;1010;12309997;2
237;241;0;1009;1000;12310006;2
237;241;0;1010;1000;12310015;2
237;241;0;1010;1010;12310024;2
237;241;0;1013;1010;12310033;2
237;241;0;1010;970;12310042;2
237;241;0;1010;970;12310051;2
237;241;0;1010;970;12310060;2
237;241;0;1009;970;12310069;2
237;241;0;1010;970;12310078;2
237;241;0;1010;970;12310087;2
237;241;0;1010;1010;12310096;2
237;241;0;1010;970;12310105;2
237;241;0;1010;1010;12310114;2
237;241;0;1010;980;12310123;2
237;241;0;1010;970;12310132;2
237;241;0;1010;980;12310141;2
237;241;0;1010;970;12310150;2
237;241;0;1010;970;12310159;2
237;241;0;1009;1010;12310168;2
237;241;0;1009;970;12310177;2
237;241;0;1012;970;12310186;2
237;241;0;1009;970;12310195;2
237;241;0;1010;970;12310204;2
237;241;0;1012;1000;12310213;2
237;241;0;1009;970;12310222;2
237;241;0;1008;970;12310231;2
237;241;0;1009;970;12310240;2
237;241;0;1008;1010;12310249;2
237;241;0;1009;1010;12310258;2
237;241;0;1007;1010;12310267;2
237;241;0;1008;1010;12310276;2
237;241;0;1009;1010;12310285;2
237;241;0;1007;970;12310294;2
237;241;0;1008;970;12310303;2
237;241;0;1009;1010;12310312;2
237;241;0;1008;1010;12310321;2
237;241;0;1008;1010;12310330;2
237;241;0;1009;1010;12310339;2
237;241;0;1007;1010;12310348;2
237;241;0;1009;1010;12310357;2
237;241;0;1007;1010;12310366;2
237;241;0;1008;1000;12310375;2
237;241;0;1009;1010;12310384;2
237;241;0;1007;1010;12310393;2
237;241;12;1009;1010;12310402;2
237;241;0;1010;1010;12310411;2
237;241;0;1009;1010;12310420;2
237;241;0;1009;1010;12310429;2
237;241;0;1010;1010;12310438;2
237;241;0;1009;1000;12310447;2
237;241;0;1010;1010;12310456;2
237;241;0;1009;1010;12310465;2
237;241;0;1009;1010;12310474;2
237;241;0;1013;970;12310483;2
237;241;0;1009;1010;12310492;2
237;241;0;1010;1010;12310501;2
237;242;0;1010;1010;12310510;2
237;242;0;1010;1010;12310519;2
237;242;0;1010;1010;12310528;2
237;242;0;1010;1010;12310537;2
237;242;0;1010;1010;12310546;2
237;242;0;1010;970;12310555;2
237;242;12;1010;970;12310564;2
237;242;0;1010;970;12310573;2
237;242;0;1010;970;12310582;2
237;242;0;1010;970;12310591;2
237;242;0;1010;970;12310600;2
237;242;12;1010;970;12310609;2
237;242;0;1010;970;12310618;2
237;242;12;1011;1010;12310627;2
237;242;0;1011;1010;12310636;2
237;242;0;1010;1010;12310645;2
237;242;0;1011;1010;12310654;2
237;242;0;1011;1010;12310663;2
237;242;0;1011;1010;12310672;2
237;242;12;1011;1000;12310681;2
237;242;0;1011;1000;12310690;2
237;242;0;1011;1010;12310699;2
237;242;0;1011;1010;12310708;2
237;242;0;1010;1010;12310717;2
237;242;0;1013;1010;12310726;2
237;242;0;1011;1000;12310735;2
236;242;0;1010;1000;12310744;2
236;242;0;1004;1010;12310753;2
236;242;0;1011;1010;12310762;2
236;242;12;1010;1010;12310771;2
236;242;0;1010;1010;12310780;2
236;242;0;1014;1000;12310789;2
236;242;0;1013;1000;12310798;2
236;242;0;1009;1000;12310807;2
236;243;0;1003;1000;12310816;2
236;243;0;1010;990;12310825;2
236;243;0;1010;1000;12310834;2
236;243;0;1007;1040;12310843;2
236;243;0;1013;1080;12310852;2
236;243;0;1010;1080;12310861;2
236;243;0;1013;1170;12310870;2
236;244;0;1009;1080;12310879;2
235;244;12;1009;1080;12310888;2
235;244;0;1009;1080;12310897;2
235;244;0;1009;1060;12310906;2
235;244;12;1009;1130;12310915;2
235;244;0;1009;1130;12310924;2
235;244;0;1009;1130;12310933;2
235;245;0;1012;1130;12310942;2
235;245;0;1007;1130;12310951;2
235;245;0;1009;1060;12310960;2
235;245;12;1007;1060;12310969;2
234;245;0;1008;1060;12310978;2
234;245;0;1007;1060;12310987;2
234;245;0;1008;1060;12310996;2
234;245;0;1008;1060;12311005;2
234;245;0;1007;1060;12311014;2
234;245;0;1001;1060;12311023;2
234;246;0;1007;1060;12311032;2
234;246;0;1007;1060;12311041;2
234;246;0;1007;1060;12311050;2
234;246;0;1009;1060;12311059;2
234;246;0;1006;1060;12311068;2
234;246;0;1007;1060;12311077;2
234;246;0;1007;1060;12311086;2
234;246;0;1007;1060;12311095;2
234;246;12;1007;1060;12311104;2
234;246;0;1001;980;12311113;2
234;246;0;1007;980;12311122;2
234;246;0;1007;980;12311131;2
234;246;0;1008;980;12311141;2
234;246;0;1007;980;12311150;2
234;246;0;1008;1060;12311159;2
234;246;0;1000;1060;12311168;2
234;246;0;1007;980;12311177;2
234;246;0;1008;980;12311186;2
234;246;0;1006;980;12311195;2
234;246;0;1008;1060;12311204;2
234;246;0;1008;1060;12311213;2
234;246;0;1008;1060;12311222;2
234;246;0;1009;1060;12311231;2
234;246;0;1010;980;12311240;2
234;246;0;1010;980;12311249;2
234;246;0;1010;980;12311258;2
234;246;0;1010;980;12311267;2
234;246;0;1010;1060;12311276;2
234;246;12;1010;1060;12311285;2
234;246;0;1008;1060;12311294;2
234;246;0;1010;1060;12311303;2
234;246;12;1010;1060;12311312;2
234;246;0;1010;1060;12311321;2
234;246;0;1010;1060;12311330;2
234;246;0;1010;1060;12311339;2
234;246;0;1010;1060;12311348;2
234;246;0;1003;1060;12311357;2
234;246;0;1010;1060;12311366;2
234;246;0;1010;980;12311375;2
234;246;0;1009;1060;12311384;2
234;246;12;1008;1060;12311393;2
234;246;0;1010;1040;12311402;2
234;246;0;1011;1040;12311411;2
234;246;0;1009;1060;12311420;2
234;246;0;1009;1060;12311429;2
234;246;0;1010;980;12311438;2
234;246;0;1010;980;12311447;2
234;246;12;1015;980;12311456;2
234;246;0;1011;980;12311465;2
234;246;12;1011;980;12311474;2
234;246;0;1011;980;12311483;2
234;246;0;1010;980;12311492;2
234;246;0;1010;980;12311501;2
234;246;0;1010;980;12311510;2
234;246;0;1010;980;12311519;2
234;246;0;1016;980;12311528;2
234;246;0;1012;980;12311537;2
234;246;0;1010;980;12311546;2
234;246;12;1010;980;12311555;2
234;246;0;1011;980;12311564;2
234;246;0;1010;980;12311573;2
234;246;0;1012;980;12311582;2
234;246;0;1012;1060;12311591;2
234;246;0;1012;1060;12311600;2
234;246;12;1013;1060;12311609;2
234;246;0;1011;1060;12311618;2
234;246;0;1013;1060;12311627;2
234;246;0;1012;1060;12311636;2
234;246;0;1010;1060;12311645;2
234;246;12;1013;1060;12311654;2
234;246;0;1011;1060;12311663;2
234;246;0;1011;1060;12311672;2
234;246;0;1011;1040;12311681;2
234;246;0;1011;1040;12311690;2
234;246;0;1011;1040;12311699;2
234;246;0;1012;1060;12311708;2
234;246;0;1010;1060;12311717;2
234;246;0;1011;980;12311726;2
234;246;0;1013;980;12311735;2
234;246;0;1010;1060;12311744;2
234;246;0;1012;1060;12311753;2
234;246;0;1011;1060;12311762;2
234;246;0;1010;1060;12311771;2
234;246;0;1010;1060;12311780;2
234;246;0;1011;1060;12311789;2
234;246;0;1010;1060;12311798;2
234;246;0;1010;1060;12311807;2
234;246;0;1010;1060;12311816;2
234;246;0;1010;1060;12311825;2
234;246;0;1011;1060;12311834;2
234;246;0;1010;1060;12311843;2
234;246;0;1010;1060;12311852;2
234;246;0;1012;1130;12311861;2
234;246;0;1010;1130;12311870;2
234;246;0;1011;1060;12311879;2
234;246;0;1010;1060;12311888;2
234;246;0;1015;1060;12311897;2
234;246;0;1011;1060;12311906;2
234;246;0;1004;1060;12311915;2
234;246;0;1010;1060;12311924;2
234;246;0;1011;1060;12311933;2
234;246;0;1009;1060;12311942;2
234;246;0;1010;1060;12311951;2
234;246;0;1012;980;12311960;2
234;246;0;1008;980;12311969;2
234;246;0;1010;980;12311978;2
234;246;0;1010;980;12311987;2
234;246;0;1010;980;12311996;2
234;246;0;1010;980;12312005;2
234;246;0;1010;980;12312014;2
234;246;0;1011;980;12312023;2
234;246;0;1009;980;12312032;2
234;246;12;1010;980;12312041;2
234;246;0;1010;1040;12312050;2
234;246;0;1011;970;12312059;2
234;246;12;1010;970;12312068;2
234;246;0;1010;970;12312077;2
234;246;0;1011;980;12312086;2
234;246;0;1010;980;12312095;2
234;246;0;1011;980;12312104;2
234;246;0;1010;980;12312113;2
234;246;0;1004;980;12312122;2
234;246;0;1010;980;12312131;2
234;246;0;1010;980;12312140;2
234;246;0;1010;980;12312149;2
234;246;0;1011;980;12312158;2
234;245;0;1008;1060;12312167;2
234;245;0;1010;1060;12312176;2
234;245;0;1011;1060;12312185;2
234;245;12;1009;1060;12312194;2
234;245;0;1010;1060;12312203;2
234;245;0;1011;1060;12312212;2
234;245;0;1010;1060;12312221;2
234;245;0;1010;1060;12312230;2
234;245;0;1011;1060;12312239;2
234;245;0;1010;1060;12312248;2
234;245;0;1010;1060;12312257;2
234;245;12;1010;1040;12312266;2
234;245;0;1011;1040;12312275;2
234;245;12;1011;1060;12312284;2
234;245;0;1010;1060;12312293;2
234;245;0;1011;980;12312302;2
234;245;0;1012;980;12312311;2
234;245;0;1010;980;12312320;2
234;245;0;1010;980;12312329;2
234;245;0;1012;1060;12312338;2
234;245;0;1012;1060;12312347;2
234;245;0;1010;1080;12312356;2
234;245;0;1011;990;12312365;2
234;245;12;1010;990;12312374;2
234;245;0;1013;980;12312383;2
235;245;0;1010;980;12312392;2
235;245;0;1012;1060;12312401;2
235;245;0;1013;1060;12312410;2
235;245;0;1010;1080;12312419;2
235;245;0;1012;1060;12312429;2
235;245;0;1013;980;12312438;2
235;245;12;1012;980;12312447;2
235;245;0;1012;980;12312456;2
235;245;12;1012;1080;12312465;2
235;245;0;1012;1060;12312474;2
235;245;0;1011;1060;12312483;2
235;245;0;1013;1060;12312492;2
235;245;0;1005;1060;12312501;2
235;245;0;1013;1040;12312510;2
235;245;0;1011;1060;12312519;2
235;245;0;1013;1060;12312528;2
235;245;0;1013;1060;12312537;2
235;245;0;1012;980;12312546;2
235;245;0;1011;980;12312555;2
235;245;0;1013;980;12312564;2
235;245;0;1013;980;12312573;2
235;245;0;1011;990;12312582;2
235;245;0;1011;990;12312591;2
235;245;12;1012;1060;12312600;2
235;245;0;1012;1060;12312609;2
235;245;12;1010;1060;12312618;2
235;245;0;1012;1040;12312627;2
235;245;0;1017;1040;12312636;2
235;245;0;1011;1040;12312645;2
235;245;0;1012;1060;12312654;2
235;245;0;1012;1060;12312663;2
235;245;0;1012;1060;12312672;2
235;245;0;1012;1060;12312681;2
235;245;0;1012;1060;12312690;2
235;245;0;1012;1060;12312699;2
235;245;0;1012;1060;12312708;2
235;245;0;1011;1060;12312717;2
235;245;0;1013;1060;12312726;2
235;245;12;1013;1060;12312735;2
235;245;0;1010;1060;12312744;2
235;245;0;1013;1060;12312753;2
235;245;12;1013;1060;12312762;2
235;245;0;1012;1060;12312771;2
235;244;0;1012;1060;12312780;2
235;244;0;1013;1130;12312789;2
235;244;0;1012;1130;12312798;2
235;244;0;1012;1130;12312807;2
235;244;0;1011;1060;12312816;2
235;244;0;1012;1060;12312825;2
235;244;0;1013;1060;12312834;2
235;244;0;1010;1060;12312843;2
235;244;12;1012;1060;12312852;2
235;244;0;1013;980;12312861;2
235;244;0;1011;980;12312870;2
235;244;0;1013;1060;12312879;2
235;244;0;1006;1060;12312888;2
235;244;0;1013;1060;12312897;2
235;244;0;1013;1060;12312906;2
235;244;0;1013;1060;12312915;2
235;244;0;1012;1060;12312924;2
235;245;0;1004;1060;12312933;2
235;245;12;1011;1060;12312942;2
235;245;0;1012;1060;12312951;2
235;245;0;1011;1060;12312960;2
235;245;12;1010;1060;12312969;2
235;245;0;1010;1060;12312978;2
235;245;0;1012;1060;12312987;2
235;245;0;1010;1060;12312996;2
235;245;0;1015;1040;12313005;2
235;245;0;1010;1040;12313014;2
235;245;0;1010;1040;12313023;2
235;245;0;1010;1060;12313032;2
235;245;0;1010;1060;12313041;2
235;245;0;1010;1060;12313050;2
235;245;0;1014;1060;12313059;2
235;245;0;1008;1060;12313068;2
235;245;0;1010;1060;12313077;2
235;244;12;1011;1060;12313086;2
235;244;0;1010;1060;12313095;2
235;244;0;1012;1060;12313104;2
235;244;0;1012;980;12313113;2
235;244;0;1005;980;12313122;2
235;244;0;1016;980;12313131;2
235;244;0;1013;980;12313140;2
235;244;0;1012;980;12313149;2
235;244;0;1013;1060;12313158;2
235;244;0;1016;980;12313167;2
235;244;0;1016;980;12313176;2
235;244;12;1013;980;12313185;2
235;244;0;1011;980;12313194;2
235;244;12;1012;980;12313203;2
235;244;0;1012;1060;12313212;2
235;244;0;1010;1060;12313221;2
235;244;0;1012;1060;12313230;2
235;244;0;1011;1060;12313239;2
235;244;0;1012;1060;12313248;2
235;244;0;1012;1060;12313257;2
235;244;0;1011;1060;12313266;2
235;244;0;1010;1060;12313275;2
235;244;0;1013;1060;12313284;2
235;245;0;1010;1060;12313293;2
235;245;0;1010;1060;12313302;2
235;245;0;1010;1060;12313311;2
235;245;0;1010;1060;12313320;2
235;245;0;1010;1060;12313329;2
235;245;0;1010;980;12313338;2
235;245;0;1009;980;12313347;2
235;245;12;1008;980;12313356;2
235;245;0;1007;980;12313365;2
235;245;0;1008;1060;12313374;2
235;245;0;1007;990;12313383;2
235;245;0;1007;990;12313392;2
235;245;0;1007;990;12313401;2
235;245;0;1008;990;12313410;2
235;245;0;1007;1060;12313419;2
235;245;0;1007;1060;12313428;2
235;245;12;1008;980;12313437;2
235;245;0;1007;980;12313446;2
235;245;12;1007;980;12313455;2
235;245;0;1007;980;12313464;2
235;245;0;1007;980;12313473;2
235;245;0;1007;980;12313482;2
235;245;0;1009;980;12313491;2
235;245;0;1007;1060;12313500;2
235;245;0;1008;1060;12313509;2
235;245;0;1010;1060;12313518;2
235;245;0;1007;980;12313527;2
235;245;0;1007;980;12313536;2
235;245;0;1007;980;12313545;2
235;245;0;1011;980;12313554;2
235;245;0;1012;980;12313563;2
235;245;12;1007;980;12313572;2
235;245;0;1012;1060;12313581;2
235;245;0;1007;1060;12313590;2
235;245;0;1009;1060;12313599;2
235;245;0;1008;1060;12313608;2
235;245;0;1000;1060;12313617;2
235;245;0;1007;980;12313626;2
235;245;0;1008;980;12313635;2
235;245;0;1007;980;12313644;2
235;245;0;1009;990;12313653;2
235;245;12;1008;1080;12313662;2
235;245;0;1009;1080;12313671;2
235;245;12;1013;1080;12313680;2
235;245;0;1008;1080;12313689;2
235;245;0;1009;1080;12313698;2
235;245;0;1008;1060;12313707;2
235;245;0;1001;1060;12313717;2
235;245;0;1007;1060;12313726;2
235;245;0;1009;1060;12313735;2
235;245;0;1007;1060;12313744;2
235;245;0;1001;1060;12313753;2
235;245;0;1009;1060;12313762;2
235;245;0;1008;1060;12313771;2
235;245;0;1009;1010;12313780;2
235;245;0;1008;1020;12313789;2
235;245;0;1009;1020;12313798;2
235;245;0;1009;1020;12313807;2
235;245;0;1009;1060;12313816;2
235;245;0;1013;1060;12313825;2
235;245;0;1014;1060;12313834;2
235;245;0;1013;1060;12313843;2
235;245;0;1009;1060;12313852;2
235;245;0;1010;1020;12313861;2
235;245;0;1013;1020;12313870;2
235;245;0;1009;1020;12313879;2
235;245;0;1010;1020;12313888;2
235;245;0;1013;980;12313897;2
235;245;0;1010;990;12313906;2
235;245;0;1009;990;12313915;2
235;245;0;1009;990;12313924;2
235;245;0;1010;1080;12313933;2
235;245;12;1003;1080;12313942;2
235;245;0;1002;1080;12313951;2
235;245;0;1010;1080;12313960;2
235;245;0;1013;1060;12313969;2
235;245;0;1004;1020;12313978;2
235;245;0;1004;1000;12313987;2
235;245;0;1010;990;12313996;2
235;245;12;1011;990;12314005;2
235;245;0;1010;950;12314014;2
235;245;0;1010;960;12314023;2
235;245;0;1010;980;12314032;2
235;245;0;1010;980;12314041;2
235;245;12;1010;1080;12314050;2
235;245;0;1011;1080;12314059;2
235;245;0;1009;1080;12314068;2
235;245;0;1010;1080;12314077;2
235;245;0;1013;1060;12314086;2
235;245;12;1009;1060;12314095;2
235;245;0;1009;1060;12314104;2
235;245;0;1013;1060;12314113;2
235;245;0;1007;1060;12314122;2
235;245;0;1008;1060;12314131;2
235;245;0;1008;1060;12314140;2
235;245;0;1008;1060;12314149;2
235;245;0;1007;1060;12314158;2
235;245;0;1010;1060;12314167;2
235;245;0;1007;1060;12314176;2
235;245;0;1007;1060;12314185;2
235;245;0;1006;1060;12314194;2
235;245;0;1007;1060;12314203;2
235;245;0;1007;1060;12314212;2
235;245;12;1007;1020;12314221;2
235;245;0;1011;1000;12314230;2
235;245;0;1007;950;12314239;2
235;245;12;1007;950;12314248;2
235;245;0;1007;960;12314257;2
236;245;0;1009;980;12314266;2
236;245;0;1007;1020;12314275;2
236;246;0;1009;1020;12314284;2
236;246;0;1006;1020;12314293;2
236;246;12;1012;1000;12314302;2
236;246;0;1010;970;12314311;2
236;246;0;1007;970;12314320;2
236;246;0;1007;970;12314329;2
236;246;0;1007;990;12314338;2
236;246;0;1007;990;12314347;2
236;246;0;1007;990;12314356;2
236;246;0;1007;990;12314365;2
236;246;0;1011;990;12314374;2
236;246;0;1008;990;12314383;2
236;246;0;1007;990;12314392;2
236;246;12;1006;970;12314401;2
236;246;0;1008;960;12314410;2
236;246;12;1007;950;12314419;2
236;246;0;1007;990;12314428;2
236;246;0;1008;990;12314437;2
236;246;12;1007;950;12314446;2
236;246;0;1012;940;12314455;2
236;246;0;1010;940;12314464;2
236;246;0;1009;940;12314473;2
236;246;0;1007;940;12314482;2
236;246;0;1007;940;12314491;2
236;246;0;1007;930;12314500;2
236;246;0;1008;940;12314509;2
236;246;0;1007;940;12314518;2
236;246;0;1007;940;12314527;2
236;246;0;1010;940;12314536;2
236;246;0;1007;970;12314545;2
236;246;0;1010;950;12314554;2
236;246;0;1007;950;12314563;2
236;246;0;1001;940;12314572;2
236;246;0;1007;940;12314581;2
236;246;12;1008;940;12314590;2
236;246;0;1008;940;12314599;2
236;247;0;1010;970;12314608;2
236;247;0;1007;970;12314617;2
236;247;0;1008;970;12314626;2
236;247;0;1010;970;12314635;2
236;247;0;1007;970;12314644;2
236;247;0;1011;970;12314653;2
236;247;0;1009;970;12314662;2
237;247;0;1009;970;12314671;2
237;247;0;1009;970;12314680;2
237;247;0;1012;940;12314689;2
237;247;0;1010;940;12314698;2
237;247;0;1009;940;12314707;2
237;247;0;1009;940;12314716;2
237;247;0;1010;940;12314725;2
237;247;0;1011;940;12314734;2
237;247;0;1009;940;12314743;2
237;247;0;1010;940;12314752;2
237;247;0;1013;940;12314761;2
237;247;0;1003;940;12314770;2
237;247;0;1014;940;12314779;2
237;247;0;1010;940;12314788;2
237;247;0;1011;940;12314797;2
237;247;0;1011;940;12314806;2
237;247;0;1011;940;12314815;2
237;247;0;1011;940;12314824;2
237;247;0;1011;970;12314833;2
237;247;0;1013;970;12314842;2
237;247;0;1012;970;12314851;2
237;247;0;1013;930;12314860;2
237;247;0;1012;940;12314869;2
237;247;0;1006;940;12314878;2
237;247;0;1013;940;12314887;2
237;247;0;1015;940;12314896;2
237;247;0;1013;940;12314905;2
237;247;0;1013;940;12314914;2
237;247;0;1013;940;12314923;2
237;247;12;1014;940;12314932;2
237;247;0;1014;940;12314941;2
237;247;0;1013;940;12314950;2
237;247;0;1014;940;12314959;2
237;247;0;1013;900;12314968;2
237;247;0;1014;900;12314977;2
237;247;0;1019;900;12314986;2
237;247;0;1013;900;12314995;2
237;247;0;1015;900;12315005;2
237;247;12;1015;940;12315014;2
237;247;0;1015;940;12315023;2
237;247;0;1015;940;12315032;2
237;247;0;1015;940;12315041;2
237;247;0;1015;940;12315050;2
237;247;0;1016;940;12315059;2
237;247;0;1014;940;12315068;2
237;247;0;1015;930;12315077;2
237;247;0;1016;930;12315086;2
237;247;0;1016;930;12315095;2
237;247;0;1014;930;12315104;2
237;247;0;1015;930;12315113;2
237;247;0;1015;940;12315122;2
237;247;0;1016;940;12315131;2
237;247;0;1015;940;12315140;2
237;247;0;1015;940;12315149;2
237;247;0;1014;900;12315158;2
237;247;0;1015;900;12315167;2
237;247;0;1016;940;12315176;2
237;247;0;1014;940;12315185;2
237;247;0;1013;940;12315194;2
237;247;0;1013;940;12315203;2
237;247;0;1014;940;12315212;2
237;247;0;1012;940;12315221;2
237;247;0;1013;940;12315230;2
237;247;0;1013;940;12315239;2
237;247;0;1013;940;12315248;2
237;247;0;1013;970;12315257;2
237;247;0;1013;940;12315266;2
237;247;0;1014;940;12315275;2
237;247;0;1014;940;12315284;2
237;247;0;1013;940;12315293;2
237;247;0;1013;940;12315302;2
237;247;0;1014;940;12315311;2
237;247;0;1013;940;12315320;2
237;247;0;1018;940;12315329;2
237;247;0;1015;940;12315338;2
237;247;0;1013;940;12315347;2
237;247;0;1014;940;12315356;2
237;247;0;1015;940;12315365;2
237;247;0;1016;940;12315374;2
237;247;0;1016;970;12315383;2
237;247;0;1016;970;12315392;2
237;247;0;1017;940;12315401;2
237;247;0;1017;940;12315410;2
237;247;0;1016;970;12315419;2
237;247;0;1020;970;12315428;2
237;247;0;1019;970;12315437;2
237;247;0;1017;970;12315446;2
237;247;0;1018;940;12315455;2
237;247;0;1019;940;12315464;2
237;247;0;1019;940;12315473;2
237;247;0;1019;940;12315482;2
237;247;0;1019;940;12315491;2
237;247;0;1023;930;12315500;2
237;247;0;1020;930;12315509;2
237;247;0;1021;930;12315518;2
237;247;0;1020;940;12315527;2
237;247;0;1021;940;12315536;2
237;247;0;1020;940;12315545;2
237;247;0;1020;940;12315554;2
237;247;0;1021;940;12315563;2
237;247;0;1023;930;12315572;2
237;247;0;1023;930;12315581;2
237;247;0;1023;930;12315590;2
237;247;0;1023;930;12315599;2
237;247;0;1023;900;12315608;2
237;247;0;1023;900;12315617;2
237;247;0;1023;900;12315626;2
237;247;0;1023;900;12315635;2
237;247;0;1020;900;12315644;2
237;247;0;1023;900;12315653;2
237;247;0;1023;900;12315662;2
237;247;0;1020;900;12315671;2
237;247;0;1021;940;12315680;2
237;247;0;1023;930;12315689;2
237;247;0;1021;930;12315698;2
237;247;0;1021;930;12315707;2
237;247;0;1021;940;12315716;2
237;247;0;1021;940;12315725;2
237;247;0;1023;930;12315734;2
237;247;0;1021;930;12315743;2
237;247;0;1023;970;12315752;2
237;247;0;1023;930;12315761;2
237;247;0;1021;930;12315770;2
237;247;0;1021;930;12315779;2
237;247;0;1023;900;12315788;2
237;247;0;1023;900;12315797;2
237;247;0;1023;900;12315806;2
237;247;0;1021;900;12315815;2
237;247;0;1021;930;12315824;2
237;247;0;1021;930;12315833;2
237;247;0;1020;930;12315842;2
237;247;0;1020;970;12315851;2
237;247;0;1023;930;12315860;2
237;247;0;1020;930;12315869;2
237;247;0;1021;940;12315878;2
237;247;0;1023;940;12315887;2
237;247;0;1023;940;12315896;2
237;247;0;1020;940;12315905;2
237;247;0;1014;970;12315914;2
237;247;0;1023;970;12315923;2
237;247;0;1023;930;12315932;2
237;247;0;1023;930;12315941;2
237;247;0;1023;930;12315950;2
237;247;0;1023;930;12315959;2
237;247;0;1023;930;12315968;2
237;247;0;1023;940;12315977;2
237;247;0;1023;940;12315986;2
237;247;0;1023;940;12315995;2
237;247;0;1023;940;12316004;2
237;247;0;1016;940;12316013;2
237;247;0;1023;900;12316022;2
237;247;0;1023;940;12316031;2
237;247;0;1023;940;12316040;2
237;247;0;1023;940;12316049;2
237;247;0;1023;940;12316058;2
237;247;0;1023;940;12316067;2
237;247;0;1023;940;12316076;2
237;247;0;1023;940;12316085;2
237;247;0;1023;940;12316094;2
237;247;0;1023;940;12316103;2
237;247;0;1023;940;12316112;2
237;247;0;1020;940;12316121;2
237;247;0;1021;940;12316130;2
237;247;0;1023;930;12316139;2
237;247;0;1023;970;12316148;2
237;247;0;1023;970;12316157;2
237;247;0;1023;970;12316166;2
237;247;0;1023;930;12316175;2
237;247;0;1023;930;12316184;2
237;248;0;1021;930;12316193;2
237;248;0;1023;940;12316202;2
237;248;0;1023;940;12316211;2
237;248;0;1021;940;12316220;2
237;248;0;1023;940;12316229;2
237;248;0;1023;940;12316238;2
237;248;0;1023;940;12316247;2
237;248;0;1023;900;12316256;2
237;248;0;1023;900;12316265;2
237;248;0;1023;900;12316274;2
237;248;0;1023;940;12316283;2
237;248;0;1023;930;12316293;2
237;248;0;1023;930;12316302;2
237;248;0;1023;930;12316311;2
237;248;0;1023;930;12316320;2
237;248;0;1023;930;12316329;2
237;248;0;1023;930;12316338;2
237;248;0;1023;940;12316347;2
237;248;0;1023;930;12316356;2
237;248;0;1023;930;12316365;2
237;248;0;1023;930;12316374;2
237;248;0;1023;940;12316383;2
237;248;0;1023;940;12316392;2
237;248;0;1023;940;12316401;2
237;248;0;1023;940;12316410;2
237;248;0;1023;900;12316419;2
237;248;0;1023;900;12316428;2
237;248;0;1023;940;12316437;2
237;248;0;1023;900;12316446;2
237;248;0;1023;900;12316455;2
237;248;0;1023;900;12316464;2
237;248;0;1023;900;12316473;2
237;248;12;1023;900;12316482;2
237;248;0;1023;900;12316491;2
237;248;0;1023;930;12316500;2
237;248;0;1023;930;12316509;2
237;248;0;1023;970;12316518;2
237;248;0;1023;930;12316527;2
237;248;0;1023;930;12316536;2
237;248;0;1023;930;12316545;2
237;248;0;1023;940;12316554;2
237;248;0;1023;940;12316563;2
237;248;0;1023;940;12316572;2
237;248;0;1021;940;12316581;2
237;248;0;1017;930;12316590;2
237;248;0;1013;930;12316599;2
237;248;0;998;930;12316608;2
237;248;0;995;930;12316617;2
237;248;0;983;930;12316626;2
237;248;0;966;930;12316635;2
236;248;0;944;930;12316644;2
236;248;0;917;930;12316653;2
236;248;0;887;930;12316662;2
236;248;0;850;930;12316671;2
236;248;0;803;940;12316680;2
236;248;0;743;940;12316689;2
236;249;0;669;940;12316698;2
236;251;0;542;900;12316707;2
237;253;0;365;930;12316716;2
237;255;12;71;960;12316725;2
237;255;0;0;1010;12316734;2
236;259;28;0;1050;12316743;2
235;261;72;0;1090;12316752;2
233;263;132;0;1140;12316761;2
233;265;192;0;1270;12316770;2
233;268;252;0;1530;12316779;2
232;271;328;0;1580;12316788;2
231;274;389;0;1660;12316797;2
231;278;465;0;1800;12316806;2
231;281;525;0;1800;12316815;2
231;285;569;0;2970;12316824;2
231;288;629;0;3230;12316833;2
231;292;661;0;3200;12316842;2
231;296;690;0;3240;12316851;2
231;299;722;0;680;12316860;2
232;299;734;0;1110;12316869;2
233;304;750;0;1160;12316878;2
234;310;782;0;1170;12316887;2
235;314;810;0;1140;12316896;2
236;318;842;0;1130;12316905;2
237;323;870;0;1090;12316914;2
238;328;902;0;1040;12316923;2
239;334;930;0;970;12316932;2
240;341;962;0;900;12316941;2
241;349;990;0;940;12316959;2
241;349;1023;0;940;12317085;2
