270;202;24;8;1270;4142080;0
270;202;0;58;1280;4142089;0
270;202;12;93;1280;4142098;0
270;202;0;110;1280;4142107;0
270;202;12;122;1270;4142116;0
270;202;12;132;1270;4142125;0
269;202;0;142;1270;4142134;0
269;202;0;151;1280;4142143;0
269;202;0;175;1280;4142152;0
269;202;0;188;1280;4142161;0
269;202;0;201;1270;4142170;0
269;202;12;214;1240;4142179;0
269;202;0;231;1240;4142188;0
269;202;0;246;1240;4142197;0
269;202;0;240;1250;4142206;0
269;202;0;247;1240;4142215;0
269;203;0;272;1280;4142224;0
270;203;0;285;1280;4142233;0
270;203;12;295;1300;4142242;0
270;203;0;306;1310;4142252;0
270;203;12;320;1310;4142261;0
270;203;0;338;1310;4142270;0
270;203;0;357;1310;4142279;0
271;204;12;376;1300;4142288;0
271;204;0;392;1300;4142297;0
271;204;0;408;1300;4142306;0
272;204;0;424;1300;4142315;0
273;203;0;438;1310;4142324;0
273;203;0;452;1310;4142333;0
274;202;0;466;1300;4142342;0
275;201;0;473;1290;4142351;0
275;201;0;495;1300;4142360;0
276;200;0;505;1290;4142369;0
277;199;0;511;1290;4142378;0
277;198;0;518;1300;4142387;0
278;197;0;525;1290;4142396;0
279;196;0;532;1280;4142405;0
279;196;0;538;1280;4142414;0
280;195;0;546;1280;4142423;0
280;194;0;556;1280;4142432;0
280;193;0;564;1280;4142441;0
280;192;0;573;1280;4142450;0
280;190;0;577;1280;4142459;0
280;189;0;581;1290;4142468;0
280;188;0;586;1290;4142477;0
280;187;0;592;1290;4142486;0
280;186;0;596;1300;4142495;0
280;185;0;599;1300;4142504;0
279;184;0;600;1320;4142513;0
279;183;0;602;1330;4142522;0
278;181;0;603;1330;4142531;0
278;180;0;603;1330;4142540;0
277;179;0;604;1330;4142549;0
276;178;0;605;1330;4142558;0
276;177;0;605;1340;4142567;0
275;177;0;606;1350;4142576;0
274;176;0;608;1350;4142585;0
273;175;0;608;1350;4142594;0
272;175;0;608;1350;4142603;0
271;175;0;608;1350;4142612;0
270;175;0;607;1350;4142621;0
268;175;0;609;1350;4142630;0
267;175;0;605;1360;4142639;0
265;175;0;604;1360;4142648;0
263;175;0;605;1360;4142657;0
261;175;0;605;1360;4142666;0
260;175;0;605;1360;4142675;0
259;175;0;605;1370;4142684;0
257;175;0;606;1360;4142693;0
256;176;0;607;1370;4142702;0
255;176;0;605;1360;4142711;0
254;176;0;607;1360;4142720;0
253;176;0;608;1350;4142729;0
252;177;0;606;1340;4142738;0
251;177;0;611;1330;4142747;0
249;177;0;609;1320;4142756;0
248;178;0;613;1330;4142765;0
247;178;0;610;1330;4142774;0
246;178;0;611;1340;4142783;0
245;179;0;610;1340;4142792;0
243;179;0;609;1340;4142801;0
242;179;0;610;1340;4142810;0
241;180;0;609;1340;4142819;0
240;181;0;610;1340;4142828;0
239;181;0;608;1350;4142837;0
239;182;0;610;1330;4142846;0
238;183;0;613;1330;4142855;0
237;184;0;611;1330;4142864;0
236;185;0;611;1320;4142873;0
235;186;0;611;1320;4142882;0
234;188;0;610;1320;4142891;0
233;189;0;611;1320;4142900;0
233;190;0;611;1300;4142909;0
232;192;0;611;1290;4142918;0
231;193;0;611;1280;4142927;0
231;194;0;611;1280;4142936;0
230;196;0;611;1280;4142945;0
230;197;0;611;1290;4142954;0
229;199;0;610;1280;4142963;0
229;201;12;610;1280;4142972;0
229;202;12;611;1270;4142981;0
229;204;0;614;1270;4142990;0
229;206;12;608;1280;4142999;0
229;208;0;612;1280;4143008;0
229;210;0;611;1280;4143017;0
230;212;0;608;1280;4143026;0
230;214;0;612;1280;4143035;0
230;216;0;610;1280;4143044;0
230;218;0;610;1290;4143053;0
230;220;0;611;1300;4143062;0
230;223;0;611;1300;4143071;0
231;225;0;615;1300;4143080;0
231;227;0;614;1290;4143089;0
232;229;0;612;1290;4143098;0
232;231;0;612;1280;4143107;0
233;234;0;611;1270;4143116;0
233;236;0;613;1260;4143125;0
234;238;0;612;1260;4143134;0
234;240;12;613;1260;4143143;0
235;242;0;612;1250;4143152;0
236;244;12;617;1270;4143161;0
237;246;0;614;1250;4143170;0
238;248;12;614;1250;4143179;0
239;249;0;614;1250;4143188;0
240;251;0;615;1240;4143197;0
241;253;0;617;1230;4143206;0
242;254;0;616;1230;4143215;0
243;256;0;615;1230;4143224;0
245;257;0;621;1230;4143233;0
247;258;0;618;1240;4143242;0
248;260;0;620;1250;4143251;0
250;261;0;621;1260;4143260;0
252;261;0;625;1250;4143269;0
254;262;0;622;1250;4143278;0
255;263;0;622;1260;4143287;0
257;264;0;623;1260;4143296;0
259;265;0;627;1260;4143305;0
261;266;0;629;1260;4143314;0
263;266;0;627;1260;4143323;0
265;267;0;631;1260;4143332;0
267;267;0;629;1260;4143341;0
269;267;0;632;1260;4143350;0
271;268;0;629;1250;4143359;0
273;268;0;631;1230;4143368;0
276;268;0;632;1230;4143377;0
278;268;0;632;1220;4143386;0
281;268;0;634;1230;4143395;0
283;268;0;635;1220;4143404;0
285;267;0;634;1230;4143413;0
287;267;0;634;1240;4143422;0
289;266;0;640;1240;4143431;0
291;266;0;636;1240;4143440;0
293;265;0;635;1240;4143449;0
295;265;0;634;1250;4143458;0
296;265;0;635;1250;4143467;0
298;264;0;635;1250;4143476;0
300;264;0;635;1250;4143485;0
301;263;0;637;1250;4143494;0
303;263;12;638;1260;4143503;0
305;262;0;639;1280;4143512;0
307;261;0;641;1280;4143521;0
309;260;0;643;1290;4143530;0
311;259;0;641;1290;4143540;0
313;258;0;641;1290;4143549;0
315;257;12;643;1300;4143558;0
318;255;0;641;1300;4143567;0
320;254;0;645;1320;4143576;0
322;253;0;643;1340;4143585;0
324;252;0;643;1330;4143594;0
326;251;12;644;1330;4143603;0
328;250;0;644;1310;4143612;0
329;249;0;650;1300;4143621;0
331;248;0;651;1310;4143630;0
332;246;0;648;1300;4143639;0
334;245;0;654;1300;4143648;0
335;244;0;651;1300;4143657;0
336;243;0;654;1310;4143666;0
338;241;0;651;1310;4143675;0
339;240;0;651;1310;4143684;0
340;238;0;653;1330;4143693;0
342;237;0;654;1310;4143702;0
344;235;0;657;1330;4143711;0
346;234;0;660;1340;4143720;0
347;232;0;657;1340;4143729;0
348;231;0;661;1350;4143738;0
350;230;0;665;1360;4143747;0
351;229;0;666;1360;4143756;0
352;227;0;666;1360;4143765;0
353;226;0;670;1370;4143774;0
354;225;0;672;1380;4143783;0
355;224;0;674;1380;4143792;0
356;222;0;675;1390;4143801;0
357;221;0;676;1390;4143810;0
358;219;0;678;1390;4143819;0
359;218;0;678;1400;4143828;0
360;216;0;680;1400;4143837;0
361;214;0;681;1390;4143846;0
362;213;0;685;1390;4143855;0
362;211;0;684;1390;4143864;0
363;210;12;685;1390;4143873;0
364;208;12;687;1400;4143882;0
364;206;12;688;1400;4143891;0
365;205;0;693;1400;4143900;0
366;203;0;694;1400;4143909;0
366;201;0;683;1390;4143918;0
367;199;0;703;1370;4143927;0
367;197;0;712;1360;4143936;0
367;195;0;714;1370;4143945;0
368;194;0;717;1370;4143954;0
368;192;0;721;1370;4143963;0
368;190;0;724;1390;4143972;0
368;188;0;732;1370;4143981;0
368;187;0;728;1390;4143990;0
367;185;0;729;1390;4143999;0
367;183;0;730;1390;4144008;0
367;181;0;731;1410;4144017;0
366;179;0;734;1410;4144026;0
365;177;0;732;1410;4144035;0
365;175;0;733;1400;4144044;0
364;173;0;734;1400;4144053;0
363;170;0;734;1400;4144062;0
363;168;0;736;1400;4144071;0
362;165;0;740;1400;4144080;0
361;163;0;735;1400;4144089;0
360;161;0;738;1400;4144098;0
359;159;0;739;1390;4144107;0
358;157;0;738;1400;4144116;0
357;155;12;739;1400;4144125;0
355;153;0;739;1410;4144134;0
354;151;12;739;1430;4144143;0
352;149;0;740;1400;4144152;0
350;147;0;739;1390;4144161;0
348;145;0;740;1350;4144170;0
346;143;0;740;1310;4144179;0
344;142;0;740;1310;4144188;0
342;140;0;739;1330;4144197;0
340;138;0;740;1330;4144206;0
338;136;0;738;1330;4144215;0
336;134;0;739;1340;4144224;0
334;133;0;741;1350;4144233;0
332;131;0;740;1360;4144242;0
330;129;0;739;1360;4144251;0
328;128;0;738;1370;4144260;0
326;126;0;738;1370;4144269;0
323;125;0;739;1370;4144278;0
321;123;0;736;1390;4144287;0
318;122;0;736;1360;4144296;0
316;121;0;739;1350;4144305;0
312;120;0;739;1350;4144314;0
309;119;0;735;1360;4144323;0
306;119;0;738;1360;4144332;0
302;118;0;735;1370;4144341;0
299;118;0;735;1370;4144350;0
296;117;0;735;1370;4144359;0
293;117;0;735;1360;4144368;0
289;117;0;735;1360;4144377;0
286;116;0;739;1360;4144386;0
282;116;0;735;1360;4144395;0
279;116;0;740;1350;4144404;0
276;115;0;735;1360;4144413;0
272;115;0;734;1360;4144422;0
269;115;0;735;1350;4144431;0
266;115;12;735;1360;4144440;0
263;115;0;733;1360;4144449;0
260;115;0;733;1360;4144458;0
257;115;12;734;1360;4144467;0
255;115;0;732;1360;4144476;0
252;115;0;736;1340;4144485;0
248;115;12;732;1340;4144494;0
245;116;0;732;1340;4144503;0
242;116;0;732;1350;4144512;0
238;116;0;732;1370;4144521;0
235;117;0;732;1350;4144530;0
233;117;0;732;1350;4144539;0
230;117;0;732;1350;4144548;0
227;118;0;733;1350;4144557;0
225;118;0;726;1350;4144566;0
222;118;0;731;1350;4144575;0
220;119;0;732;1350;4144584;0
217;119;0;732;1340;4144593;0
214;120;0;731;1340;4144602;0
211;120;0;730;1340;4144611;0
208;121;0;729;1330;4144620;0
205;122;0;729;1340;4144629;0
202;123;0;728;1340;4144638;0
199;124;0;728;1330;4144647;0
197;125;0;728;1340;4144656;0
194;126;0;726;1330;4144665;0
191;128;0;726;1310;4144674;0
189;129;0;727;1310;4144683;0
186;130;0;726;1280;4144692;0
183;131;0;727;1270;4144701;0
181;132;0;731;1250;4144710;0
178;134;0;731;1240;4144719;0
176;135;0;726;1240;4144728;0
174;136;0;726;1250;4144737;0
172;137;12;726;1250;4144746;0
170;139;0;726;1250;4144755;0
168;140;0;724;1250;4144764;0
166;141;0;724;1250;4144773;0
165;143;0;723;1250;4144782;0
163;144;12;723;1250;4144791;0
161;146;0;726;1240;4144800;0
160;148;0;723;1220;4144809;0
158;150;0;723;1240;4144819;0
157;152;0;723;1230;4144828;0
155;154;0;723;1250;4144837;0
154;156;0;723;1270;4144846;0
152;158;0;724;1270;4144855;0
150;160;0;726;1270;4144864;0
149;161;0;724;1250;4144873;0
148;163;0;724;1270;4144882;0
146;165;0;727;1280;4144891;0
145;167;0;723;1280;4144900;0
143;169;0;723;1280;4144909;0
142;171;0;723;1280;4144918;0
142;173;0;722;1280;4144927;0
141;175;0;722;1280;4144936;0
140;177;0;721;1290;4144945;0
140;179;0;720;1290;4144954;0
140;182;0;720;1280;4144963;0
139;184;0;720;1270;4144972;0
139;186;0;722;1250;4144981;0
138;188;0;720;1250;4144990;0
138;191;0;726;1240;4144999;0
137;193;0;721;1250;4145008;0
137;195;0;719;1250;4145017;0
137;198;0;719;1250;4145026;0
136;200;0;718;1230;4145035;0
136;202;12;720;1240;4145044;0
136;205;0;720;1250;4145053;0
136;207;0;712;1260;4145062;0
136;209;0;714;1300;4145071;0
136;212;0;709;1300;4145080;0
137;214;0;713;1300;4145089;0
137;216;0;708;1310;4145098;0
138;219;0;708;1300;4145107;0
139;222;0;711;1300;4145116;0
140;224;0;708;1300;4145125;0
140;227;0;708;1290;4145134;0
141;230;0;708;1280;4145143;0
142;232;0;710;1270;4145152;0
143;235;0;708;1270;4145161;0
144;238;12;708;1270;4145170;0
145;241;0;708;1250;4145179;0
146;243;12;708;1240;4145188;0
147;246;12;708;1240;4145197;0
148;249;0;708;1240;4145206;0
149;251;0;708;1230;4145215;0
151;254;0;708;1230;4145224;0
152;256;0;708;1220;4145233;0
153;259;0;708;1220;4145242;0
155;261;0;708;1220;4145251;0
156;264;0;708;1230;4145260;0
157;266;0;709;1230;4145269;0
159;269;0;708;1240;4145278;0
160;272;0;708;1240;4145287;0
161;274;0;708;1240;4145296;0
163;277;0;709;1240;4145305;0
164;279;0;712;1240;4145314;0
166;281;0;708;1230;4145323;0
168;283;0;711;1230;4145332;0
170;285;0;711;1220;4145341;0
173;287;12;708;1220;4145350;0
175;289;0;708;1220;4145359;0
177;291;0;709;1210;4145368;0
180;293;12;708;1220;4145377;0
182;295;0;708;1210;4145386;0
185;296;0;709;1220;4145395;0
187;298;0;708;1260;4145404;0
189;300;0;708;1280;4145413;0
191;301;0;708;1300;4145422;0
193;303;0;712;1330;4145431;0
195;304;0;708;1330;4145440;0
197;305;0;711;1330;4145449;0
199;307;0;708;1330;4145458;0
201;308;0;708;1320;4145467;0
203;309;0;709;1320;4145476;0
205;311;0;708;1300;4145485;0
207;312;0;708;1300;4145494;0
210;313;0;711;1300;4145503;0
212;314;0;711;1290;4145512;0
214;316;0;711;1290;4145521;0
216;317;0;711;1290;4145530;0
218;318;0;708;1280;4145539;0
220;319;0;709;1290;4145548;0
223;320;0;710;1290;4145557;0
225;321;0;709;1300;4145566;0
227;322;0;711;1310;4145575;0
229;323;0;714;1310;4145584;0
231;324;0;710;1310;4145593;0
234;325;0;710;1310;4145602;0
236;326;0;709;1310;4145611;0
239;326;0;710;1310;4145620;0
241;327;0;710;1320;4145629;0
244;328;0;709;1320;4145638;0
246;329;0;710;1340;4145647;0
248;329;0;710;1320;4145656;0
251;330;0;710;1330;4145665;0
253;331;12;710;1300;4145674;0
255;331;0;710;1280;4145683;0
258;332;0;710;1280;4145692;0
260;332;0;710;1280;4145701;0
262;333;0;711;1280;4145710;0
265;334;0;711;1290;4145719;0
267;334;12;711;1280;4145728;0
270;335;0;711;1280;4145737;0
273;335;0;711;1280;4145746;0
275;336;0;712;1280;4145755;0
278;336;0;712;1280;4145764;0
280;336;0;715;1280;4145773;0
283;336;0;714;1290;4145782;0
285;336;0;712;1290;4145791;0
288;336;0;711;1290;4145800;0
290;336;0;713;1300;4145809;0
293;336;0;713;1300;4145818;0
295;336;0;714;1300;4145827;0
297;336;12;711;1310;4145836;0
300;336;0;712;1310;4145845;0
302;336;0;711;1310;4145854;0
304;336;0;712;1310;4145863;0
307;336;0;711;1310;4145872;0
309;336;0;713;1300;4145881;0
311;336;0;712;1320;4145890;0
314;336;0;712;1310;4145899;0
316;336;0;713;1310;4145908;0
318;336;0;715;1320;4145917;0
320;336;0;714;1310;4145926;0
323;335;0;712;1310;4145935;0
325;335;0;712;1330;4145944;0
327;335;0;713;1330;4145953;0
330;335;0;714;1330;4145962;0
332;334;0;713;1310;4145971;0
334;334;0;714;1310;4145980;0
336;333;0;714;1310;4145989;0
338;333;0;714;1300;4145998;0
340;332;0;715;1300;4146007;0
342;332;0;714;1310;4146016;0
344;331;0;714;1300;4146025;0
346;330;0;715;1300;4146034;0
348;330;0;715;1300;4146043;0
350;329;0;715;1310;4146052;0
352;328;0;715;1320;4146061;0
354;327;0;714;1320;4146070;0
356;326;0;720;1320;4146079;0
358;325;0;715;1340;4146088;0
361;324;0;716;1350;4146097;0
364;322;0;717;1350;4146107;0
366;321;0;717;1350;4146116;0
369;319;0;717;1350;4146125;0
372;318;0;718;1350;4146134;0
374;316;0;716;1350;4146143;0
377;315;0;718;1350;4146152;0
379;313;0;720;1350;4146161;0
382;311;0;719;1360;4146170;0
384;310;0;719;1350;4146179;0
386;308;0;720;1340;4146188;0
389;307;0;721;1350;4146197;0
391;305;12;723;1350;4146206;0
394;304;0;722;1360;4146215;0
396;302;0;722;1360;4146224;0
399;300;12;723;1340;4146233;0
402;298;0;723;1330;4146242;0
404;295;0;723;1300;4146251;0
407;293;0;726;1290;4146260;0
410;291;0;726;1290;4146269;0
413;288;0;726;1300;4146278;0
416;286;0;726;1310;4146287;0
419;284;0;726;1310;4146296;0
421;281;0;727;1320;4146305;0
424;279;0;726;1340;4146314;0
427;276;0;728;1350;4146323;0
430;273;0;728;1360;4146332;0
432;271;0;728;1360;4146341;0
435;268;0;732;1360;4146350;0
437;265;0;731;1360;4146359;0
440;262;0;730;1380;4146368;0
443;260;0;732;1380;4146377;0
445;257;0;732;1360;4146386;0
447;254;0;739;1360;4146395;0
449;252;0;736;1380;4146404;0
451;249;0;739;1360;4146413;0
452;246;0;743;1380;4146422;0
453;243;0;739;1390;4146431;0
455;240;0;739;1400;4146440;0
456;237;0;741;1400;4146449;0
457;234;0;742;1400;4146458;0
458;232;0;742;1410;4146467;0
459;229;0;743;1420;4146476;0
459;226;0;748;1420;4146485;0
460;222;0;745;1420;4146494;0
461;219;0;745;1410;4146503;0
461;216;0;748;1410;4146512;0
461;213;0;749;1410;4146521;0
461;211;12;750;1420;4146530;0
461;208;12;754;1420;4146539;0
461;206;0;756;1430;4146548;0
460;203;0;754;1450;4146557;0
459;200;0;739;1420;4146566;0
458;198;0;761;1410;4146575;0
457;195;0;764;1390;4146584;0
456;192;0;767;1390;4146593;0
454;189;0;767;1400;4146602;0
453;187;0;770;1400;4146611;0
452;184;0;769;1410;4146620;0
450;181;0;773;1410;4146629;0
449;178;0;770;1410;4146638;0
447;175;0;771;1400;4146647;0
445;172;0;770;1400;4146656;0
443;169;0;770;1400;4146665;0
442;165;0;771;1410;4146674;0
440;162;0;771;1410;4146683;0
438;159;0;770;1400;4146692;0
436;156;0;770;1410;4146701;0
434;153;0;772;1440;4146710;0
432;150;0;771;1410;4146719;0
430;146;0;771;1400;4146728;0
428;143;0;772;1380;4146737;0
426;140;0;770;1350;4146746;0
423;136;0;772;1350;4146755;0
421;133;0;775;1360;4146764;0
419;130;0;773;1370;4146773;0
417;127;0;773;1390;4146782;0
414;124;0;771;1400;4146791;0
412;121;0;771;1400;4146800;0
409;118;0;772;1410;4146809;0
406;115;0;770;1410;4146818;0
403;112;0;770;1410;4146827;0
400;109;0;772;1420;4146836;0
396;107;12;770;1440;4146845;0
393;104;0;771;1450;4146854;0
390;102;0;770;1470;4146863;0
386;99;0;770;1460;4146872;0
383;96;0;770;1420;4146881;0
379;94;0;769;1410;4146890;0
375;91;0;770;1390;4146899;0
371;89;0;770;1390;4146908;0
367;86;0;769;1430;4146917;0
363;84;0;768;1440;4146926;0
359;82;0;772;1440;4146935;0
354;79;0;767;1450;4146944;0
350;77;0;769;1460;4146953;0
345;75;0;760;1470;4146962;0
341;73;0;770;1490;4146971;0
336;71;0;769;1500;4146980;0
331;69;0;771;1520;4146989;0
326;67;0;767;1520;4146998;0
321;66;0;767;1500;4147007;0
316;64;0;764;1480;4147016;0
310;63;0;765;1460;4147025;0
304;62;0;767;1470;4147034;0
298;61;0;767;1480;4147043;0
292;60;0;767;1510;4147052;0
287;59;0;765;1530;4147061;0
281;59;0;765;1530;4147070;0
275;58;0;767;1530;4147079;0
269;58;0;771;1540;4147088;0
263;57;0;764;1540;4147097;0
257;57;0;765;1530;4147106;0
250;57;0;765;1520;4147115;0
244;57;0;767;1510;4147124;0
237;57;0;767;1500;4147133;0
230;57;0;765;1510;4147142;0
224;57;0;765;1520;4147151;0
218;57;0;770;1520;4147160;0
212;57;0;767;1520;4147169;0
205;58;0;765;1530;4147178;0
199;58;0;763;1530;4147187;0
193;59;0;762;1530;4147196;0
188;60;0;767;1490;4147205;0
182;61;0;764;1480;4147214;0
176;62;0;763;1470;4147223;0
170;63;0;763;1450;4147232;0
165;65;0;765;1470;4147241;0
159;67;0;763;1450;4147250;0
154;68;0;763;1440;4147259;0
149;70;0;763;1440;4147268;0
144;72;0;763;1450;4147277;0
138;74;0;763;1440;4147286;0
133;77;0;762;1430;4147295;0
128;79;0;763;1390;4147304;0
122;82;0;761;1330;4147313;0
117;84;0;761;1350;4147322;0
111;87;0;762;1360;4147331;0
106;90;0;761;1390;4147340;0
102;92;0;762;1480;4147349;0
98;95;0;763;1460;4147358;0
95;98;12;755;1390;4147367;0
91;101;12;761;1300;4147376;0
87;103;0;767;1270;4147385;0
84;107;0;762;1230;4147395;0
81;110;0;763;1240;4147404;0
79;113;0;763;1250;4147413;0
77;117;0;762;1260;4147422;0
75;121;0;763;1280;4147431;0
73;125;0;763;1270;4147440;0
71;129;0;763;1250;4147449;0
70;134;0;764;1250;4147458;0
69;138;12;767;1230;4147467;0
67;142;0;765;1210;4147476;0
66;147;0;767;1190;4147485;0
65;151;0;767;1160;4147494;0
65;155;0;769;1160;4147503;0
64;159;0;767;1160;4147512;0
64;163;0;771;1160;4147521;0
64;168;0;767;1160;4147530;0
64;172;0;769;1180;4147539;0
65;177;0;768;1200;4147548;0
66;181;0;768;1210;4147557;0
67;186;0;771;1210;4147566;0
68;191;0;767;1210;4147575;0
69;196;0;767;1200;4147584;0
71;201;0;764;1190;4147593;0
72;205;0;767;1180;4147602;0
74;210;0;763;1180;4147611;0
76;215;0;755;1180;4147620;0
78;220;0;760;1200;4147629;0
80;225;0;757;1200;4147638;0
82;230;0;759;1200;4147647;0
85;236;0;756;1200;4147656;0
87;241;12;756;1200;4147665;0
89;246;0;757;1210;4147674;0
91;251;0;757;1200;4147683;0
93;256;0;757;1210;4147692;0
95;261;0;763;1210;4147701;0
98;266;0;760;1210;4147710;0
101;271;0;759;1210;4147719;0
104;276;0;760;1220;4147728;0
107;280;0;759;1230;4147737;0
111;285;0;759;1230;4147746;0
114;290;12;761;1240;4147755;0
118;295;0;763;1220;4147764;0
122;299;0;760;1220;4147773;0
126;304;0;761;1220;4147782;0
129;308;0;761;1220;4147791;0
133;312;0;765;1240;4147800;0
137;317;0;763;1240;4147809;0
141;321;0;760;1240;4147818;0
145;326;0;761;1230;4147827;0
149;330;0;763;1230;4147836;0
153;334;12;762;1240;4147845;0
158;338;12;762;1250;4147854;0
162;342;24;761;1250;4147863;0
167;345;0;761;1250;4147872;0
172;348;0;762;1260;4147881;0
178;351;0;763;1260;4147890;0
184;353;0;762;1280;4147899;0
190;355;0;764;1290;4147908;0
196;357;0;763;1300;4147917;0
202;359;0;763;1330;4147926;0
209;361;0;764;1340;4147935;0
215;362;0;765;1340;4147944;0
222;364;0;765;1350;4147953;0
228;366;0;764;1360;4147962;0
235;367;0;765;1370;4147971;0
242;369;0;759;1370;4147980;0
249;370;0;765;1360;4147989;0
256;371;0;765;1350;4147998;0
263;372;12;767;1340;4148007;0
271;372;0;768;1350;4148016;0
278;373;0;768;1350;4148025;0
286;373;0;769;1350;4148034;0
294;373;0;769;1360;4148043;0
302;374;0;770;1370;4148052;0
310;374;0;772;1400;4148061;0
318;373;0;771;1380;4148070;0
326;373;0;773;1380;4148079;0
333;373;0;772;1380;4148088;0
341;372;0;773;1370;4148097;0
349;371;0;774;1400;4148106;0
357;370;0;767;1410;4148115;0
364;368;12;777;1410;4148124;0
373;367;0;776;1420;4148133;0
380;365;0;776;1410;4148142;0
388;363;0;776;1410;4148151;0
395;361;0;779;1400;4148160;0
402;359;0;780;1390;4148169;0
410;357;0;779;1390;4148178;0
417;354;12;779;1400;4148187;0
424;352;0;782;1410;4148196;0
431;349;0;779;1420;4148205;0
438;347;0;780;1410;4148214;0
446;344;0;781;1410;4148223;0
453;341;0;782;1380;4148232;0
459;339;0;782;1380;4148241;0
466;336;0;784;1380;4148250;0
473;333;0;785;1380;4148259;0
479;330;0;784;1400;4148268;0
485;327;0;785;1400;4148277;0
491;324;0;786;1400;4148286;0
496;321;0;786;1400;4148295;0
501;318;0;787;1400;4148304;0
505;315;0;792;1410;4148313;0
509;312;0;790;1400;4148322;0
513;308;0;792;1410;4148331;0
516;305;0;792;1410;4148340;0
519;301;0;792;1390;4148349;0
521;298;0;794;1390;4148358;0
523;294;0;795;1360;4148367;0
525;290;0;797;1340;4148376;0
527;286;0;799;1350;4148385;0
529;283;0;800;1350;4148394;0
531;279;0;806;1360;4148403;0
532;275;0;806;1380;4148412;0
534;271;0;800;1360;4148421;0
536;267;0;802;1350;4148430;0
537;263;0;805;1350;4148439;0
539;259;0;803;1350;4148448;0
540;255;0;806;1380;4148457;0
541;251;0;803;1390;4148466;0
542;247;0;804;1390;4148475;0
542;243;0;810;1390;4148484;0
542;239;0;806;1400;4148493;0
542;235;0;808;1410;4148502;0
542;232;0;809;1410;4148511;0
542;229;0;811;1420;4148520;0
542;225;0;812;1410;4148529;0
542;222;0;813;1410;4148538;0
542;219;0;815;1400;4148547;0
541;216;0;821;1400;4148556;0
541;213;0;818;1400;4148565;0
540;211;12;825;1400;4148574;0
539;208;12;821;1400;4148583;0
539;205;0;814;1410;4148592;0
538;203;0;821;1410;4148601;0
538;201;0;807;1390;4148610;0
537;198;0;832;1370;4148619;0
536;196;0;836;1350;4148628;0
536;194;0;837;1350;4148637;0
535;192;0;839;1350;4148646;0
535;190;0;837;1360;4148655;0
534;188;0;839;1360;4148664;0
533;187;0;841;1370;4148673;0
533;185;0;846;1390;4148683;0
532;184;0;841;1390;4148692;0
532;183;0;842;1390;4148701;0
531;182;0;843;1400;4148710;0
531;181;0;843;1400;4148719;0
530;181;0;842;1390;4148728;0
530;180;0;841;1390;4148737;0
530;180;0;830;1390;4148746;0
530;180;0;800;1390;4148755;0
530;180;0;735;1390;4148764;0
530;180;0;632;1390;4148773;0
531;180;0;506;1390;4148782;0
531;180;0;43;1370;4148791;0
279;205;92;118;1180;4168432;1
281;204;0;191;1180;4168441;1
281;203;0;200;1150;4168450;1
281;202;0;226;1140;4168459;1
281;202;0;267;1120;4168468;1
280;201;0;297;1130;4168477;1
280;200;0;315;1130;4168486;1
279;200;0;330;1130;4168495;1
279;199;0;350;1130;4168504;1
278;199;0;373;1130;4168513;1
278;198;0;392;1150;4168522;1
277;197;0;408;1150;4168531;1
277;196;0;425;1150;4168540;1
276;196;0;442;1160;4168549;1
276;195;0;459;1160;4168558;1
275;194;0;476;1160;4168567;1
274;193;0;493;1160;4168576;1
274;192;0;510;1160;4168585;1
273;192;0;522;1170;4168594;1
271;191;0;528;1170;4168603;1
270;191;0;532;1170;4168612;1
268;190;0;534;1170;4168621;1
266;190;0;534;1170;4168630;1
264;190;0;536;1170;4168639;1
261;191;0;537;1170;4168648;1
259;191;0;537;1170;4168657;1
256;192;0;539;1170;4168666;1
254;193;0;541;1170;4168675;1
252;194;0;543;1170;4168684;1
250;195;0;545;1150;4168693;1
248;196;0;547;1140;4168702;1
246;197;0;547;1140;4168711;1
245;198;0;549;1140;4168720;1
243;199;0;550;1150;4168729;1
242;200;0;556;1160;4168738;1
241;202;0;559;1160;4168747;1
240;204;12;561;1160;4168756;1
239;206;0;565;1160;4168765;1
239;208;12;562;1170;4168774;1
238;210;0;563;1190;4168783;1
238;212;0;566;1190;4168792;1
237;214;0;568;1170;4168802;1
237;217;0;570;1170;4168811;1
236;220;0;572;1170;4168820;1
236;223;0;574;1170;4168829;1
236;226;0;574;1170;4168838;1
235;229;0;577;1150;4168847;1
235;233;12;577;1130;4168856;1
235;236;0;581;1130;4168865;1
235;239;12;583;1140;4168874;1
235;242;12;584;1120;4168883;1
236;245;0;586;1140;4168892;1
237;248;12;586;1120;4168901;1
239;250;0;587;1120;4168910;1
240;252;0;588;1120;4168919;1
243;254;0;588;1110;4168928;1
245;256;0;589;1120;4168937;1
247;258;0;589;1110;4168946;1
249;260;0;589;1110;4168955;1
251;261;0;592;1100;4168964;1
253;263;0;594;1100;4168973;1
255;265;0;594;1110;4168982;1
256;267;0;594;1110;4168991;1
258;269;0;596;1110;4169000;1
260;271;0;595;1110;4169009;1
261;272;0;595;1100;4169018;1
263;273;0;596;1100;4169027;1
265;275;0;595;1100;4169036;1
267;275;0;598;1080;4169045;1
270;276;0;597;1080;4169054;1
272;277;0;597;1080;4169063;1
275;277;0;598;1080;4169072;1
277;278;0;598;1080;4169081;1
280;278;0;599;1080;4169090;1
282;279;0;600;1080;4169099;1
284;279;12;599;1080;4169108;1
286;279;0;605;1080;4169117;1
288;280;0;602;1080;4169126;1
290;280;0;602;1090;4169135;1
292;280;0;604;1090;4169144;1
294;280;0;605;1100;4169153;1
296;280;12;606;1100;4169162;1
298;280;0;613;1100;4169171;1
300;280;0;613;1100;4169180;1
303;280;0;615;1100;4169189;1
305;279;0;618;1100;4169198;1
307;278;0;620;1130;4169207;1
310;276;0;628;1140;4169216;1
312;275;0;628;1160;4169225;1
315;273;0;629;1170;4169234;1
317;271;0;632;1190;4169243;1
319;270;12;635;1180;4169252;1
321;268;0;639;1170;4169261;1
322;267;0;640;1170;4169270;1
324;266;0;646;1170;4169279;1
325;264;0;648;1170;4169288;1
326;263;12;654;1170;4169297;1
327;262;0;653;1170;4169306;1
328;260;0;656;1160;4169315;1
329;258;0;658;1160;4169324;1
331;256;12;658;1150;4169333;1
332;255;0;658;1140;4169342;1
333;253;0;660;1140;4169351;1
335;251;0;660;1150;4169360;1
336;249;0;660;1170;4169369;1
337;247;0;662;1170;4169378;1
338;245;0;665;1190;4169387;1
339;243;0;670;1180;4169396;1
340;241;0;673;1180;4169405;1
341;239;0;678;1180;4169414;1
343;237;0;681;1180;4169423;1
343;236;0;687;1190;4169432;1
344;234;0;688;1190;4169441;1
345;232;0;689;1190;4169450;1
346;230;0;690;1200;4169459;1
347;228;0;693;1210;4169468;1
348;226;0;690;1210;4169477;1
349;224;0;689;1230;4169486;1
350;222;0;691;1230;4169495;1
351;220;0;693;1240;4169504;1
352;218;0;696;1230;4169513;1
353;216;0;694;1240;4169522;1
354;213;0;693;1240;4169531;1
355;211;12;695;1240;4169540;1
355;210;24;696;1240;4169549;1
356;207;24;696;1250;4169558;1
357;205;0;698;1250;4169567;1
357;203;0;699;1250;4169576;1
358;201;0;690;1260;4169585;1
359;199;0;705;1250;4169594;1
359;197;0;709;1230;4169603;1
359;195;0;711;1230;4169612;1
360;193;0;713;1230;4169621;1
360;191;0;716;1250;4169630;1
360;189;0;718;1250;4169639;1
360;186;0;720;1240;4169648;1
360;184;0;720;1240;4169657;1
359;182;0;722;1250;4169666;1
359;180;0;723;1250;4169675;1
359;177;0;722;1250;4169684;1
358;175;0;723;1250;4169693;1
358;173;0;723;1250;4169702;1
358;170;0;726;1250;4169711;1
357;168;0;729;1250;4169720;1
356;165;0;728;1240;4169729;1
356;163;0;727;1230;4169738;1
355;161;0;729;1240;4169747;1
354;158;12;729;1240;4169756;1
353;156;0;729;1230;4169765;1
351;154;12;732;1230;4169774;1
350;152;0;731;1250;4169783;1
349;149;0;732;1250;4169792;1
347;147;0;732;1220;4169801;1
346;145;0;732;1210;4169810;1
344;143;0;732;1170;4169819;1
342;141;0;732;1190;4169828;1
340;139;0;732;1190;4169837;1
338;137;0;733;1200;4169846;1
336;136;0;732;1200;4169855;1
334;134;0;733;1180;4169864;1
332;132;0;735;1210;4169873;1
330;131;0;732;1210;4169882;1
327;129;0;733;1220;4169891;1
325;128;12;739;1220;4169900;1
322;127;0;731;1230;4169909;1
319;126;0;735;1230;4169918;1
316;125;0;730;1200;4169927;1
312;124;0;731;1210;4169936;1
309;123;0;732;1210;4169945;1
305;122;0;731;1220;4169954;1
302;121;0;732;1250;4169963;1
298;121;0;732;1240;4169972;1
295;120;0;730;1250;4169981;1
292;119;12;731;1250;4169990;1
288;119;0;731;1250;4169999;1
285;119;12;731;1240;4170008;1
281;118;0;730;1240;4170017;1
278;118;0;731;1240;4170026;1
274;118;0;730;1230;4170035;1
270;117;0;734;1230;4170044;1
267;117;0;731;1230;4170053;1
264;117;0;729;1220;4170062;1
260;117;0;730;1220;4170071;1
257;117;0;729;1200;4170080;1
254;117;0;729;1190;4170090;1
251;118;0;731;1180;4170099;1
247;118;0;729;1190;4170108;1
244;118;0;729;1190;4170117;1
240;118;0;729;1210;4170126;1
237;118;0;732;1220;4170135;1
234;119;12;729;1220;4170144;1
232;119;0;729;1240;4170153;1
229;119;0;729;1230;4170162;1
227;120;0;729;1230;4170171;1
225;121;0;734;1200;4170180;1
222;122;12;731;1200;4170189;1
220;123;0;731;1200;4170198;1
218;124;12;731;1190;4170207;1
216;125;0;730;1190;4170216;1
213;126;0;732;1190;4170225;1
211;127;0;730;1180;4170234;1
209;129;0;730;1180;4170243;1
206;130;0;732;1170;4170252;1
204;131;0;731;1170;4170261;1
202;132;0;732;1150;4170270;1
200;133;12;732;1150;4170279;1
198;134;0;731;1160;4170288;1
197;135;0;732;1150;4170297;1
196;135;0;735;1150;4170306;1
195;136;0;730;1140;4170315;1
194;137;0;729;1140;4170324;1
193;138;0;729;1140;4170333;1
192;139;0;729;1120;4170342;1
192;140;0;729;1120;4170351;1
191;142;0;729;1110;4170360;1
190;143;0;729;1110;4170369;1
189;144;0;730;1110;4170378;1
188;146;12;729;1120;4170387;1
187;147;0;731;1120;4170396;1
186;149;12;729;1110;4170405;1
185;151;0;731;1120;4170414;1
184;152;0;732;1140;4170423;1
183;154;0;735;1140;4170432;1
182;156;0;731;1130;4170441;1
181;158;0;732;1140;4170450;1
180;160;0;732;1130;4170459;1
179;162;0;733;1150;4170468;1
178;165;0;734;1160;4170477;1
177;167;0;734;1160;4170486;1
176;170;0;732;1160;4170495;1
175;173;0;735;1160;4170504;1
174;176;0;734;1160;4170513;1
173;179;0;735;1150;4170522;1
172;182;0;735;1130;4170531;1
170;186;0;735;1120;4170540;1
169;189;0;739;1120;4170549;1
168;193;0;734;1100;4170558;1
167;196;0;735;1120;4170567;1
166;200;0;733;1100;4170576;1
165;204;0;735;1100;4170585;1
165;207;0;729;1120;4170594;1
164;211;0;731;1130;4170603;1
164;214;0;731;1160;4170612;1
164;218;0;729;1160;4170621;1
164;222;0;729;1140;4170630;1
164;226;0;730;1140;4170639;1
164;230;0;731;1140;4170648;1
164;234;12;731;1120;4170657;1
164;238;12;733;1120;4170666;1
164;243;12;733;1120;4170675;1
164;247;0;733;1100;4170684;1
165;251;0;735;1100;4170693;1
166;255;0;738;1090;4170702;1
166;260;0;735;1090;4170711;1
167;264;0;738;1090;4170720;1
168;268;0;738;1090;4170729;1
170;273;0;738;1100;4170738;1
171;277;0;739;1080;4170747;1
173;281;0;738;1070;4170756;1
175;284;12;739;1050;4170765;1
178;288;12;739;1060;4170774;1
180;292;0;738;1050;4170783;1
183;295;12;740;1050;4170792;1
186;299;0;744;1060;4170801;1
189;302;0;744;1080;4170810;1
192;305;0;742;1120;4170819;1
195;309;0;741;1150;4170828;1
199;312;0;742;1150;4170837;1
203;315;0;741;1140;4170846;1
207;317;0;742;1120;4170855;1
211;320;0;742;1110;4170864;1
216;323;0;747;1120;4170873;1
221;325;0;754;1110;4170882;1
226;327;0;747;1120;4170891;1
231;329;0;748;1130;4170900;1
236;331;12;747;1130;4170909;1
242;333;0;748;1130;4170918;1
247;334;0;748;1120;4170927;1
253;336;0;748;1120;4170936;1
258;337;0;748;1120;4170945;1
264;338;12;752;1110;4170954;1
269;339;0;749;1100;4170963;1
275;339;0;749;1100;4170972;1
281;340;0;750;1100;4170981;1
287;340;0;748;1110;4170990;1
293;340;0;750;1120;4170999;1
299;340;0;750;1130;4171008;1
306;340;0;755;1150;4171017;1
312;339;0;751;1140;4171026;1
318;338;0;755;1160;4171035;1
325;337;0;752;1160;4171044;1
331;336;0;753;1140;4171053;1
337;335;0;754;1140;4171062;1
344;333;0;754;1130;4171071;1
350;332;0;756;1130;4171080;1
356;330;0;754;1130;4171089;1
362;328;0;756;1140;4171098;1
367;327;0;757;1150;4171107;1
373;325;0;757;1170;4171116;1
378;322;0;759;1190;4171125;1
384;320;0;757;1180;4171134;1
388;318;0;760;1180;4171143;1
393;315;0;762;1190;4171152;1
397;312;0;767;1190;4171161;1
402;309;0;764;1190;4171170;1
406;306;12;765;1190;4171179;1
410;303;0;767;1170;4171188;1
414;300;0;769;1170;4171197;1
418;297;0;770;1140;4171206;1
421;293;0;770;1130;4171215;1
424;290;0;772;1120;4171224;1
428;287;0;770;1120;4171233;1
431;283;0;772;1140;4171242;1
434;279;0;773;1170;4171251;1
437;275;0;774;1200;4171260;1
440;271;0;775;1210;4171269;1
442;267;0;777;1220;4171278;1
445;263;0;778;1220;4171287;1
447;259;12;779;1200;4171296;1
449;255;12;779;1230;4171305;1
451;251;0;781;1230;4171314;1
453;246;0;782;1220;4171323;1
455;241;0;784;1230;4171332;1
456;236;0;782;1220;4171341;1
458;232;0;784;1240;4171350;1
459;227;0;788;1250;4171359;1
460;222;0;788;1250;4171368;1
461;218;0;785;1260;4171378;1
462;213;12;789;1250;4171387;1
463;209;0;788;1250;4171396;1
463;204;0;792;1250;4171405;1
464;200;0;777;1240;4171414;1
464;195;0;788;1220;4171423;1
464;191;0;796;1210;4171432;1
464;186;0;800;1230;4171441;1
464;182;0;803;1220;4171450;1
464;177;0;801;1220;4171459;1
464;173;0;803;1240;4171468;1
464;168;0;803;1240;4171477;1
463;164;0;805;1250;4171486;1
463;160;0;806;1250;4171495;1
462;156;12;806;1270;4171504;1
461;152;0;806;1260;4171513;1
460;148;0;809;1240;4171522;1
458;144;0;808;1220;4171531;1
457;140;0;808;1180;4171540;1
455;137;0;810;1180;4171549;1
453;133;0;810;1190;4171558;1
451;129;0;810;1190;4171567;1
448;126;0;811;1200;4171576;1
445;122;0;809;1200;4171585;1
442;119;0;811;1210;4171594;1
438;116;0;812;1240;4171603;1
434;113;0;810;1230;4171612;1
430;110;0;810;1260;4171621;1
426;108;12;812;1260;4171630;1
422;105;0;811;1270;4171639;1
418;103;0;809;1310;4171648;1
414;101;0;809;1330;4171657;1
409;98;0;809;1350;4171666;1
405;96;0;810;1350;4171675;1
400;94;0;809;1340;4171684;1
395;92;0;803;1350;4171693;1
390;90;0;811;1350;4171702;1
384;88;0;801;1330;4171711;1
379;87;0;809;1330;4171720;1
372;85;0;808;1330;4171729;1
366;84;0;807;1330;4171738;1
359;83;0;807;1360;4171747;1
352;82;0;807;1350;4171756;1
345;81;0;812;1370;4171765;1
338;80;0;807;1370;4171774;1
330;79;0;807;1390;4171783;1
322;79;0;808;1360;4171792;1
314;78;0;812;1360;4171801;1
306;78;0;806;1350;4171810;1
298;78;0;806;1350;4171819;1
290;77;0;808;1370;4171828;1
282;77;0;807;1360;4171837;1
274;77;0;810;1360;4171846;1
266;77;0;805;1360;4171855;1
258;78;0;809;1330;4171864;1
249;78;0;805;1340;4171873;1
241;79;0;809;1330;4171882;1
233;79;0;804;1330;4171891;1
226;80;0;806;1340;4171900;1
218;81;0;805;1330;4171909;1
211;82;0;806;1340;4171918;1
204;83;0;806;1340;4171927;1
196;84;0;809;1340;4171936;1
189;85;0;804;1290;4171945;1
182;86;0;806;1270;4171954;1
174;88;0;806;1270;4171963;1
167;89;0;803;1260;4171972;1
159;91;0;803;1280;4171981;1
152;94;0;806;1290;4171990;1
145;96;12;805;1300;4171999;1
138;99;12;797;1300;4172008;1
132;101;12;798;1270;4172017;1
125;104;0;799;1220;4172026;1
118;107;0;804;1180;4172035;1
111;110;0;805;1160;4172044;1
105;113;0;806;1180;4172053;1
98;116;0;806;1170;4172062;1
92;119;0;807;1170;4172071;1
86;123;0;806;1170;4172080;1
80;127;0;809;1150;4172089;1
75;130;0;809;1150;4172098;1
71;134;0;809;1140;4172107;1
67;138;0;809;1120;4172116;1
63;141;12;814;1120;4172125;1
60;145;12;809;1100;4172134;1
58;149;0;809;1080;4172143;1
55;153;0;810;1080;4172152;1
53;158;0;809;1070;4172161;1
50;162;0;809;1080;4172170;1
48;167;0;809;1080;4172179;1
46;172;0;811;1100;4172188;1
44;177;0;809;1100;4172197;1
42;182;0;811;1120;4172206;1
41;187;0;809;1110;4172215;1
39;193;0;803;1110;4172224;1
38;198;0;809;1100;4172233;1
37;204;0;808;1100;4172242;1
36;210;0;810;1100;4172251;1
36;215;0;805;1110;4172260;1
36;221;0;804;1120;4172269;1
37;226;0;804;1120;4172278;1
38;232;0;803;1120;4172287;1
39;238;12;804;1110;4172296;1
41;244;0;805;1070;4172305;1
43;250;0;804;1040;4172314;1
45;256;0;805;1030;4172323;1
47;263;0;805;1020;4172332;1
49;269;0;805;1060;4172341;1
52;275;0;806;1070;4172350;1
54;282;0;804;1090;4172359;1
57;288;0;804;1100;4172368;1
59;295;12;805;1100;4172377;1
62;301;0;804;1090;4172386;1
66;306;0;805;1070;4172395;1
70;312;0;805;1060;4172404;1
74;317;0;806;1060;4172413;1
79;322;0;806;1060;4172422;1
84;327;0;806;1080;4172431;1
89;332;12;806;1090;4172440;1
94;337;12;805;1100;4172449;1
100;342;0;804;1120;4172458;1
106;348;0;805;1130;4172467;1
112;353;0;806;1130;4172476;1
118;357;0;805;1150;4172485;1
127;363;0;805;1160;4172494;1
135;368;0;806;1180;4172503;1
144;373;0;807;1200;4172512;1
154;378;12;800;1190;4172521;1
162;381;0;800;1200;4172530;1
171;384;12;807;1230;4172539;1
181;386;0;807;1230;4172548;1
190;388;0;807;1230;4172557;1
200;391;12;809;1230;4172566;1
209;393;0;806;1220;4172575;1
219;395;12;809;1200;4172584;1
230;396;0;809;1200;4172593;1
240;398;0;808;1180;4172602;1
250;399;0;809;1170;4172611;1
260;399;0;803;1150;4172620;1
271;400;0;811;1140;4172629;1
281;400;0;811;1150;4172638;1
291;400;0;812;1160;4172647;1
302;399;12;812;1170;4172656;1
312;398;0;812;1170;4172666;1
322;397;12;812;1160;4172675;1
332;395;0;813;1180;4172684;1
342;393;0;814;1200;4172693;1
352;392;0;813;1240;4172702;1
362;390;0;818;1270;4172711;1
372;388;0;815;1270;4172720;1
382;386;0;815;1270;4172729;1
391;384;0;815;1250;4172738;1
401;381;0;815;1250;4172747;1
410;379;0;816;1260;4172756;1
419;376;0;816;1270;4172765;1
428;373;0;818;1300;4172774;1
437;369;12;818;1300;4172783;1
446;366;0;820;1310;4172792;1
455;362;0;819;1300;4172801;1
463;358;12;821;1290;4172810;1
471;354;0;825;1270;4172819;1
479;350;0;822;1270;4172828;1
486;346;0;823;1260;4172837;1
494;342;0;825;1270;4172846;1
501;338;0;825;1280;4172855;1
507;334;0;825;1260;4172864;1
514;330;0;825;1260;4172873;1
520;326;0;830;1270;4172882;1
525;323;0;825;1260;4172891;1
531;319;0;830;1260;4172900;1
536;315;0;826;1260;4172909;1
541;311;0;829;1240;4172918;1
545;308;0;832;1240;4172927;1
549;304;12;830;1240;4172936;1
552;300;0;832;1240;4172945;1
555;296;0;832;1220;4172954;1
558;291;0;835;1220;4172963;1
561;287;0;835;1200;4172972;1
563;283;0;839;1230;4172981;1
565;279;0;837;1230;4172990;1
566;275;0;839;1250;4172999;1
568;271;0;839;1250;4173008;1
569;267;0;844;1240;4173017;1
570;263;0;840;1250;4173026;1
571;259;0;841;1260;4173035;1
571;256;12;842;1270;4173044;1
572;252;0;842;1280;4173053;1
572;248;0;843;1280;4173062;1
572;245;0;843;1280;4173071;1
572;241;0;844;1270;4173080;1
572;238;0;849;1270;4173089;1
572;235;0;846;1260;4173098;1
571;232;0;846;1270;4173107;1
571;229;0;850;1270;4173116;1
570;226;0;849;1290;4173125;1
569;224;0;852;1300;4173134;1
568;221;0;853;1300;4173143;1
567;219;0;853;1310;4173152;1
566;216;0;858;1310;4173161;1
565;214;0;858;1310;4173170;1
564;212;0;856;1300;4173179;1
563;210;12;855;1300;4173188;1
562;208;12;858;1300;4173197;1
561;206;12;858;1300;4173206;1
560;205;0;858;1310;4173215;1
560;203;0;858;1300;4173224;1
559;201;0;843;1280;4173233;1
558;199;0;866;1270;4173242;1
557;198;0;872;1260;4173251;1
556;196;0;868;1240;4173260;1
555;195;0;870;1240;4173269;1
555;194;0;871;1240;4173278;1
554;193;0;871;1230;4173287;1
553;192;0;872;1230;4173296;1
553;191;0;872;1230;4173305;1
552;190;0;873;1230;4173314;1
552;189;0;874;1220;4173323;1
551;188;0;873;1220;4173332;1
550;188;0;875;1220;4173341;1
550;187;0;877;1220;4173350;1
550;187;0;869;1220;4173359;1
549;186;0;858;1220;4173368;1
549;186;0;830;1220;4173377;1
549;186;0;785;1230;4173386;1
550;186;0;732;1230;4173395;1
550;186;0;663;1230;4173404;1
551;186;0;578;1240;4173413;1
552;186;0;493;1240;4173422;1
553;187;0;373;1260;4173431;1
554;187;0;198;1260;4173440;1
